2.768636512874525037e-07
1.863150861805818181e-06
4.301006595208363522e-07
9.056125039861310250e-08
3.695139470371830546e-08
4.752749659924565974e-08
2.375971321677612105e-07
1.790800495098020046e-08
2.465440931653720622e-06
2.808628436078011220e-07
1.364008372652416189e-06
9.818648939748319748e-08
7.403781444667384444e-09
3.283155503653040503e-07
1.225525091100124611e-06
1.254069813217294724e-06
2.303450941767066891e-08
5.937103168862366715e-07
1.294408206031279827e-06
2.230277207803595367e-07
7.000756744918353555e-08
6.731549507635291824e-07
7.081990644154248157e-07
3.980705184595282813e-08
2.626990051828008078e-07
3.956250440728049548e-08
4.654387988016953877e-08
5.628234717409681678e-07
2.345380999971755663e-07
2.385024011599434307e-07
2.587254735332958918e-07
1.143361302709532131e-06
5.060951125712871574e-07
4.736780906214662176e-08
4.291564130491830980e-07
1.612387102836818547e-07
1.563115476253029213e-06
3.953028609140236162e-07
2.513217175580214258e-06
5.218291225882073125e-07
1.523848619549042094e-06
2.473411059481296715e-06
4.976967706273276877e-07
3.390416997623269719e-08
2.490333895400797072e-07
4.209530465156572314e-06
1.981173488416411295e-06
6.640548210642775571e-07
3.168635770196191344e-07
3.037225985302334051e-06
1.989589386283524016e-07
8.519257679664639873e-07
9.611713992714287593e-08
2.536593030986760254e-07
7.933632183179747705e-07
5.680742710931078324e-07
7.519298540101607793e-08
1.284084141167588944e-06
6.406434118498332216e-07
8.980552179332326284e-07
1.664843940591377939e-06
3.302860815752639187e-06
6.137680820163437127e-07
1.374286033891489275e-07
2.470064029181280861e-06
7.367380048977097412e-07
1.097775284700352059e-07
8.867325556004221142e-08
2.604843855932192348e-06
7.306874429294044914e-07
1.872234396249280832e-06
4.613026373247759553e-07
1.280534544248148637e-07
1.910107439689629791e-06
8.584891137480901998e-07
2.060383127749817803e-06
4.268204642854690907e-08
2.538441196936200419e-08
8.212355918606603388e-07
1.396341742628067295e-07
2.236467514810378334e-07
1.177369948856542438e-08
1.401129844680602127e-08
8.808851730306616217e-08
1.631994598948558403e-08
3.372833715196296852e-07
4.306272767969441343e-07
1.575988239295352537e-08
7.084452884407892500e-08
1.729427752902092306e-07
1.909988821132571962e-07
5.052725766182589680e-08
2.462971739989327329e-07
2.665425728897524661e-06
1.491155643956786332e-06
1.345707407127915066e-06
3.412482266333595227e-06
4.842900747586833847e-06
4.378722321352437782e-06
4.409797031730856804e-07
1.434541387145727236e-06
2.536489659795561248e-07
1.561996875093741008e-08
1.171917578179197500e-08
6.918711223185785753e-08
1.998752491879441550e-07
7.590972285984627291e-07
7.685370531434980506e-07
1.508959503157734718e-06
1.123481063813792797e-07
9.502491299456209575e-07
2.262181005881565571e-07
1.604013680465550414e-07
2.927785633572496786e-07
3.558976765043898364e-06
2.090265876118078945e-06
1.188636348908080010e-07
6.316930307447252840e-07
1.673234354802558278e-08
5.383601395473240362e-06
2.857841985231447968e-07
4.969976168309290489e-07
6.264704734261351746e-07
1.755610436271785479e-07
3.301958484288638509e-07
3.752527086003242829e-07
2.873581454981428436e-08
1.656047942285507710e-07
3.612660095065881381e-08
2.206429759801927679e-08
2.341760115022112662e-06
2.844436774967949040e-06
1.106247275272695651e-06
1.202394117962470900e-06
1.247590557055358764e-06
1.940318923387344564e-08
1.471446342643618596e-06
1.806357535816027930e-06
6.477157940884166558e-07
1.584535966167046919e-07
3.282481051253313881e-07
4.189555664737930640e-07
5.003666844104275001e-08
3.498895697196547992e-07
1.434974798042794518e-06
5.151175234208479865e-07
5.746425055342886866e-07
2.951814517872922258e-08
2.192033672315550532e-07
1.489084630252608310e-06
5.405930271309328384e-07
1.002582558215372298e-06
4.795382721155864962e-08
3.330644376411639659e-07
4.958973219820616953e-08
1.086293698123435242e-06
5.361932270892532831e-07
1.928289248293343804e-06
9.425467710622137486e-09
3.838751447046661319e-08
7.944497618356828679e-07
9.211235733677320182e-08
1.356955830828886018e-07
1.719024204939972476e-09
6.393883655964287140e-10
3.181852807738192276e-08
1.663954292534404004e-08
1.344108263787264591e-07
4.071837237876467290e-08
2.679012619473841087e-08
3.106226097213374444e-09
8.880753440499566204e-09
1.803423627693101345e-07
1.652715712681925793e-07
3.072326332417455336e-07
3.018089129882734657e-07
9.167696053021595414e-07
1.594193001318980078e-08
5.212531059344069760e-08
1.080992274478649885e-06
4.061421516652156396e-06
2.696294339243387005e-07
8.322098597785136233e-06
3.423614118650494091e-06
2.727268530481892400e-06
5.512055971080075003e-08
1.369032283343629667e-06
2.892417315931654778e-06
2.435380933568894204e-06
1.562043745962132240e-06
2.956679819095738184e-07
2.954111761831345854e-08
3.767830369039976248e-06
5.001011978564170630e-06
9.471228669504110359e-07
3.675455720495438144e-06
4.177189956993445918e-08
3.456654888338575767e-08
8.526727461938652281e-09
4.265387018842234436e-08
3.573562822820515203e-07
8.712894633890913336e-08
1.227395496226031866e-06
9.491966105618719610e-08
4.901944382618085370e-10
7.013405456035276216e-08
3.012650572562269236e-08
1.603690560822718763e-07
5.903945382708181172e-07
1.703115708333007683e-07
6.460441723371691671e-07
7.150889311187259807e-07
1.231247253387486926e-07
4.907480626333205340e-08
6.733000335580414931e-07
1.187633886499541031e-07
1.268277335877566519e-07
4.025300685195334687e-08
2.121631013974768370e-06
2.494851659469722239e-07
4.952707742626457817e-08
2.048246503876614403e-08
1.417555484363670657e-08
5.416832489921765363e-07
4.702669306739111877e-07
1.350102531745114524e-06
5.679075163175158160e-08
2.670495767126499422e-08
3.500694794924955149e-08
1.065009335206196197e-07
6.243690993998956488e-08
7.145750050568583765e-09
1.191369985505321174e-07
1.182741229419512575e-07
1.077060044293089975e-08
3.084063909121629526e-08
2.800908300483178913e-07
9.498884125981706979e-08
6.520592110989443805e-07
2.211713809370161666e-08
4.722591425366292859e-07
1.337575489275813342e-07
2.230036491985264654e-06
5.082179560509687295e-08
3.896567507545784058e-06
1.884955173637254305e-06
6.850038249589176426e-07
8.837059182495672257e-07
1.683938067446643231e-06
3.236000964605254296e-06
5.893637326054138826e-06
3.911773993018541942e-06
3.572141709026330829e-07
1.479182723344001539e-06
4.779019362289104881e-07
4.046377687449034374e-07
3.506416394159833711e-07
3.378402221195725419e-07
1.705913548787253028e-07
8.001121068318888440e-08
1.749424379633806545e-07
4.839112917047173282e-09
2.217076367198070556e-07
3.536461608151638492e-07
7.894428251894017923e-07
1.707525052597709000e-06
5.753647706345865262e-07
4.360656311660045810e-07
1.127181273900412432e-07
3.418192259195700107e-07
4.411944473019686553e-07
7.733529694518548575e-07
4.260177405631729433e-07
7.550805792522948430e-07
7.886082967152811329e-08
1.360487222515491079e-06
8.373002189315021797e-08
3.577709888036080255e-09
5.173495619684448692e-08
5.477867972978194561e-08
6.466812200672690765e-07
7.701062903063411059e-07
8.476286567098236639e-08
5.453660301873819166e-07
2.293068028737727976e-07
2.875878275627141113e-08
1.043338225322896679e-07
6.130371639010982343e-07
2.192941428550289817e-07
1.549920465051821069e-08
9.215047341984364268e-08
1.085907888738426001e-08
1.977971304371548152e-09
5.875945713880117185e-08
3.743668243065345829e-08
2.127403317341532810e-07
1.632640041441272749e-07
5.768255665416113328e-09
7.159263342059042814e-08
1.348053411867080691e-08
4.073654083698773748e-10
1.091845415068064448e-08
2.932873920234709821e-07
7.984768877152145011e-08
4.783651559567156692e-08
2.114800941168517506e-07
4.312203148062878900e-09
8.191404429609620122e-09
1.037478709356930656e-07
1.182731412959495051e-08
3.331135011020709814e-08
8.041378910958964899e-07
6.979770326411460921e-08
1.700687967543026630e-06
1.408378980597329879e-06
1.314018167082358050e-06
1.950247686759302311e-06
5.328117614989054553e-06
6.742278820788965081e-06
5.027672497430106204e-06
2.559412732519365905e-06
9.034320620701546033e-07
1.560222240141849964e-06
2.004503197901250560e-07
3.503929016029151579e-08
3.030149941124265328e-08
1.692640164927511778e-07
2.963691363743221653e-07
1.283595430528412424e-06
1.729097605034773971e-07
2.213563268624325989e-06
1.401162208861732142e-07
7.781784106460585450e-09
8.658887443466910650e-09
4.084627533806504922e-08
1.625147722224907430e-07
1.351336424075726361e-07
2.704535697193956163e-08
1.110463247793680292e-09
1.931631810617170990e-08
8.653640377689276695e-09
1.910953343945130783e-08
1.135980098896175969e-07
1.350969659072066880e-08
1.470845044259139712e-07
4.761862732216366899e-08
1.341621000358152986e-08
6.416450612643810410e-08
7.202222610537731150e-08
1.829083715947852997e-07
2.209561962883038694e-08
1.020232876593664536e-07
3.829414173201359452e-09
8.541830160868288956e-08
2.613992101855500227e-07
1.896638432175035122e-07
5.127959010276113083e-07
7.223004217748687257e-08
2.163683254709976499e-08
2.673270544660203813e-07
3.849658623779467065e-08
3.405697629884189012e-08
1.059022461285902356e-08
4.377211250923357326e-07
1.876964239110822050e-07
6.050756067652208520e-08
5.129010773796761256e-09
8.371259841343669303e-09
2.591579849942700294e-07
1.505730396790480797e-08
6.011425500914345933e-08
2.332180648997710828e-07
3.912224683806598039e-09
3.191802947658143306e-07
6.314082519065268365e-09
2.999254450263238321e-07
4.386439156202409241e-08
9.329014490285393039e-08
3.571373863538598467e-07
1.005919823367413237e-06
6.049285453952337727e-08
3.012846826348078882e-06
1.786194155536322435e-06
3.642610351370509927e-07
3.047769023685176634e-06
1.291596528014905613e-07
4.136440982405938120e-07
4.142195911648050519e-06
1.838738454705731986e-06
9.818925580226447653e-07
9.388497356791938032e-07
1.446005640950631352e-06
1.747416509203527884e-06
5.015995328450236038e-06
2.679894124263499484e-06
2.733282674948729195e-09
2.395681913546202658e-07
3.875419686449657534e-07
5.902575203450515332e-08
4.727301814399795847e-08
2.305925913682522632e-07
8.440877427581148941e-08
1.130434566208367575e-07
1.421629987380725545e-07
1.969499167468134513e-07
1.281636543403971546e-07
2.372834336400711176e-07
3.797086731543011007e-08
1.548005096586567141e-07
1.383347345699267057e-06
3.050538535512243152e-07
1.641699031075967283e-07
6.399389815764815789e-07
3.515626838218313326e-07
5.259224780487953739e-07
6.312705345779525421e-07
1.052890763432598958e-06
6.363980294293290301e-07
1.661591200257394628e-06
2.314453514123576830e-07
3.657873920816066590e-07
4.878652507707805681e-07
3.551279242250053202e-08
3.668972214580202159e-07
3.027830547036616388e-07
3.809073505270636142e-07
4.281738367490954977e-07
1.208940115034323222e-07
2.521454004200128086e-07
1.628371578909510676e-08
1.617178704422771525e-08
4.378356665436982826e-08
3.605948499963836118e-08
4.386777397634225486e-07
3.450745921790021892e-07
3.574099500174398520e-08
2.570475489496143428e-07
2.681270918182218316e-08
4.081833458018133427e-08
1.906317603837112047e-07
3.071965443023090315e-07
7.824958038660717543e-07
2.778001292352285180e-07
1.661246774832707106e-07
1.827140852664576077e-07
1.839248794966656619e-08
1.013789647997737093e-07
2.606115320461206058e-09
2.569563552080861427e-07
2.501871261848769541e-07
8.652800490628166471e-08
1.523732634935234408e-08
9.419890262787518166e-10
3.195163549097949793e-08
2.669716156584907351e-08
1.177994466483593162e-07
1.523983223983942929e-08
6.494329884640622753e-09
1.110828509280466207e-07
9.687849583058605357e-09
2.351038765855297267e-09
4.242961944343881865e-08
9.125376204792509899e-08
5.341213571534586863e-08
4.566018952151548299e-07
6.351795632514421046e-08
6.897244588614166616e-08
1.053695717154226376e-07
5.090751166370765295e-07
4.928377859779198895e-07
1.791366358083575103e-06
2.393563232285481204e-07
1.321414396291117267e-06
7.155134619938381441e-07
3.661946575134292106e-06
1.483650987471719909e-06
4.420468217517076213e-07
5.600474114395529985e-07
3.699146198558730943e-08
7.707781891180541242e-07
1.352796594977437689e-08
6.821027717575675636e-09
7.272575953695954147e-08
3.070195211966562897e-07
3.864501002547119277e-07
5.480958545536754206e-08
4.497790129916258629e-08
6.702899174715327518e-08
3.682667912298267542e-08
1.418489268849094298e-08
2.605829972620357176e-07
3.473258435120325637e-08
3.376122746247232944e-08
2.364030884904821880e-07
7.766630924731859701e-08
3.263548215407604967e-08
2.495809783668665821e-07
9.303255883481371088e-08
6.598655782868256073e-09
3.937485112612598089e-08
1.866129495320033667e-08
2.365603650844693044e-08
2.244576414036522990e-08
2.673050564790289897e-07
1.482628515926932204e-08
2.803745231032438511e-07
5.262261619368020863e-08
5.856949623273447092e-08
1.745699221444007499e-08
5.615254881799872393e-08
1.744680694516406506e-07
3.611686310179253494e-11
3.384681086665722917e-08
1.426917289383166664e-07
1.870895892266937184e-08
3.479605041663632155e-08
2.185095546011647856e-07
2.026290024787056347e-07
3.000293598661044083e-08
2.114069313210570799e-09
3.614931540802304803e-07
4.113501489117024785e-08
1.017904633298681757e-08
3.252647390763321615e-08
8.591873878658021819e-09
4.986282024442486652e-08
6.221141582394308549e-07
2.222908020908472067e-07
1.644890810841027359e-07
4.626039118078273912e-08
5.729802630433591673e-08
1.495927582752632653e-07
6.442332637122942221e-07
2.995578395340703269e-07
5.840624818564264933e-08
4.728192304726648001e-07
4.386806681519318722e-07
2.689437802674799009e-07
3.429430534153361829e-07
2.274608647304098949e-08
5.577793640965481818e-07
3.008754483327892358e-08
4.510065728258014004e-09
1.814543134827420251e-07
5.435234936079896129e-07
4.608965508575398449e-07
3.158013972697404421e-07
5.850370231068298636e-08
1.546460835617010090e-07
1.839619351256170854e-06
9.102016849424523785e-08
1.748710409120047486e-06
5.744153872107023836e-07
4.279213166185358494e-07
5.927740954017897091e-06
6.169824477745877257e-06
1.395611570049721964e-06
6.621213781961728553e-07
7.190568183846631579e-07
2.321582092534091734e-06
8.043925201495339800e-07
2.163435908926024415e-06
2.921437501563195251e-07
2.658735441522290897e-09
1.307788310024178923e-06
2.325067934253289874e-08
1.495407948782299079e-07
3.534983389294730115e-07
1.711813970325296520e-07
4.857069811100036065e-08
5.320000035191407198e-08
3.760053822209936954e-08
3.356037707175216938e-07
1.045728922657286729e-07
1.014566578728425372e-07
1.548308905613851841e-07
1.770115349994822357e-08
9.600332454941068958e-08
9.884986063151505886e-08
7.956528931417734564e-08
3.211545537839908949e-09
6.791388765609914340e-08
2.244501449898075447e-07
2.780622310979076214e-08
2.702209469958712846e-07
6.599497730567394025e-07
1.124150429213591678e-06
7.371537346137627725e-08
2.783606627419216427e-07
4.477132530948120753e-08
8.774012658877101078e-07
5.138845403758704313e-08
6.820612581895406866e-08
3.162884962142505310e-08
1.771660084414064391e-06
1.167569904844966122e-06
5.526510772362277528e-07
6.921938999369812967e-07
3.096345158608115334e-08
3.110280598610392721e-07
4.900151558336249357e-07
3.433619742097649427e-07
1.076637442370875569e-06
5.328103976892711835e-07
5.276538309012143229e-07
1.035472087255600259e-07
7.233661225035115220e-08
2.458085218561138656e-07
3.288197677572970633e-07
2.386423964522219248e-07
3.087741575133703339e-07
2.988761023888178567e-07
3.124125813623482227e-07
5.582949420634579073e-08
5.843726570314778231e-08
4.630868002542592253e-08
2.325874832385829847e-08
5.195376553878604851e-07
2.631759739823550450e-07
8.460034997122849001e-08
2.950847584356052954e-07
2.858558053241858360e-08
1.783212789789587739e-08
2.821409466367742774e-07
1.742433037757166852e-07
3.077102347421849284e-07
1.748215520334968094e-07
1.027372461354973404e-07
7.641877168365582357e-08
1.293360496560423238e-07
7.428325099745486265e-09
1.166575541299137394e-07
2.939257484814099779e-07
1.536555819702010918e-07
4.095084185843986798e-07
9.425558416424597272e-10
4.351467050123634259e-08
6.330714067264590068e-08
1.080685189203620172e-07
1.886364908220276345e-07
2.033005204940702758e-07
1.288118545869771321e-07
1.783407590528480486e-09
7.114986246424004015e-09
8.010587454469436924e-09
3.290916896505098187e-08
3.540538818616355772e-08
5.640590116586151885e-08
8.283987772911503540e-09
8.711215088244950669e-08
3.909569970920211305e-08
3.934257662582806381e-08
9.152529609069995617e-09
1.647489096413475157e-07
1.251853752791337118e-08
2.241762543000937180e-07
1.386890698133132778e-08
2.849125711875371019e-07
8.671444573728369663e-09
5.556159764803590111e-07
6.443740885806679241e-07
4.645191941715761793e-07
5.029230440972831473e-07
5.302815925855479065e-07
1.622100804023825400e-06
6.548464891967142301e-07
7.456132107506515713e-07
2.503391896874637719e-07
1.185173516558962296e-06
4.153744005484145715e-07
1.682512047473228900e-07
2.651933322816786073e-07
3.701192084253892309e-08
3.238702944565847544e-07
5.468594535384471141e-09
1.729174607471159558e-09
9.744351671403988084e-09
1.611720724969653528e-07
1.179374068555793736e-07
2.243483065718294709e-08
5.957254996162197838e-08
4.931012376525362912e-08
3.419028215255029068e-08
1.195144377230852158e-09
1.056057770449063760e-07
1.451522313741265036e-09
1.569029714951429755e-08
1.810675459208177832e-07
7.818446843754656603e-08
4.317801646103357097e-08
4.441859933169446599e-08
1.641032302924565854e-07
7.531320319471982679e-10
1.452352087070506627e-09
2.026394019570299802e-08
2.918726262735080792e-07
5.561440063522612783e-09
3.379369075603370941e-07
3.643796307166838731e-08
1.893568566138305890e-08
7.016064707619334532e-08
3.326728346749420414e-07
1.483980793277055248e-08
1.107048220871526167e-08
1.128249326252689593e-07
6.956481791715117086e-09
2.696164075088802864e-07
3.268611940813269404e-09
2.556617158526298515e-07
1.521486368356838352e-08
4.382836045932445668e-08
1.429501568247739468e-08
1.471950338914722590e-08
2.307563156033322076e-07
1.489871905650455018e-08
1.067228999443655559e-07
8.305378342583473406e-09
2.193298350246524799e-08
2.916016326331778089e-08
3.803107244118705395e-07
1.207862632282062120e-08
3.122507395461433797e-07
4.286579912950215952e-08
2.516235934629939096e-07
5.479844420978508149e-09
1.325114557412567498e-09
2.827881716842690440e-07
5.531516989792996486e-07
1.025638244927482364e-07
8.059639990413914821e-07
4.024129289110493996e-09
1.658862025386705752e-07
2.162199383453499174e-07
8.342780930000331875e-07
3.209986354045671297e-08
1.230402103134749824e-06
5.598107915304020446e-09
6.583382795928821490e-07
2.104226730391311844e-08
4.501701877549873100e-07
1.549092738085238768e-07
1.072821083611187530e-09
1.645348029110197554e-07
2.896805854820559150e-07
5.889026062119869517e-07
1.345564896802838750e-07
4.072132659873075756e-07
1.041691628541682237e-07
1.705911591239669410e-07
1.612834925505320423e-07
2.478170197741173643e-08
1.731984630510661859e-07
2.013927987481891958e-07
5.999312473916172358e-07
1.064657524929049980e-07
1.480517704181270882e-06
1.898638146734582929e-07
1.896960299623916144e-07
2.261885901100399127e-06
1.344788762515734303e-08
1.238736298496104343e-07
1.668584856412163389e-06
2.066687647691959241e-06
1.184085713436266461e-07
1.902947976133026094e-06
2.496361715765423939e-06
5.810636540245707204e-06
1.101039212332812657e-06
2.711944191958728991e-07
1.105293031036926034e-06
9.921353615891910846e-07
3.713428156451121933e-09
1.478622777590492346e-06
1.257919192100117241e-08
6.496605895533437292e-07
2.019251411152434235e-07
6.876863842844519521e-08
1.733821373819076652e-08
2.322099086393485914e-07
1.109711268556983544e-08
1.688637314149628432e-07
3.387982039536575565e-08
3.917363752157484818e-08
2.457630088811612325e-07
1.668564863263797789e-07
5.915093812742120260e-08
5.919012268287156480e-08
1.822027238575571610e-08
3.517303306909130420e-07
1.521282768337087875e-08
2.346089796629186463e-07
2.627603284190976388e-07
2.288039574448431136e-07
4.849510714064911961e-07
1.516047539790502226e-07
1.173579945205097689e-07
4.651694808689038230e-08
1.840006612103580604e-07
2.751674284874807447e-08
5.550247631581957204e-08
1.424558644876783494e-06
1.556948326279704193e-07
1.283133109905055436e-08
3.649712945001497155e-07
8.183114313271305064e-07
4.549621639411012535e-08
2.245817933952169531e-07
1.091414500324481509e-06
2.352740212275057900e-09
2.601322191042728692e-07
5.861325823239944342e-08
5.211004147921735818e-07
3.865844551426680344e-08
1.145974297205261528e-07
4.077161834820340872e-07
6.241692607687196417e-08
1.059583371790551747e-07
3.713840000704176991e-07
1.873838773542402787e-07
3.802455980206146643e-07
3.869257584401745964e-07
8.215181829535135482e-07
2.151965547097621142e-07
1.364973201554401848e-07
2.015898954454077855e-07
5.927214583808845356e-07
5.716461575600112764e-07
4.398569707971283497e-07
4.787853251237880384e-07
6.959537087615098163e-07
1.529015714554751133e-07
1.140641527957613584e-07
2.470332326273293433e-08
3.433702655454086361e-07
1.001335288735945581e-06
5.910551897884652958e-07
2.602546103603442716e-08
2.598476459254299968e-07
6.827705179491169756e-08
3.239112231501127500e-07
2.910713721317827349e-07
6.964031186762002689e-07
1.108736434037136931e-08
9.147756346833580519e-07
1.650105926385188698e-07
1.077716940044910834e-07
1.696077136609679034e-07
6.459083458897796527e-07
1.991415479914840356e-07
8.109179817090823487e-07
6.221406353075381665e-08
2.268051267997540617e-07
4.068241316263934137e-08
3.150175298776162176e-08
1.098573497076110572e-07
3.873873690538196414e-07
1.672379557548389173e-07
2.279863575126158284e-07
1.517153147143240402e-07
1.206192401481528752e-08
1.046597835837092363e-09
1.436202405532190640e-08
7.395713820044804683e-08
4.544320605596302825e-08
3.894735575240043647e-08
4.523757251372538363e-08
5.010434919655788508e-08
2.064518939471884030e-08
6.752198409056000866e-09
3.158846867165201769e-08
5.973393834873877466e-08
8.273796966211741234e-08
5.001774107091968617e-07
9.940297128165210755e-08
8.883935914298530008e-08
5.083632981250085169e-08
4.620869248471351365e-08
8.637390365754153430e-07
1.517063331960468135e-08
4.175347874583544172e-07
6.564764818619479594e-08
9.576065749603814898e-07
6.683803074296064904e-07
3.309493870938125868e-07
2.267080412515931535e-06
1.367411002961663526e-06
3.325341567986359349e-07
6.373940740748111413e-07
2.168765775497627288e-07
9.206533901471057379e-07
5.663122154182037057e-07
1.386460665187432422e-06
3.476690298668883133e-07
7.331767470049887694e-07
2.306969383218588925e-07
1.082285296768646210e-06
1.659519697850855858e-07
1.694063379094358827e-08
7.474571835883823804e-08
1.069059545608244284e-07
1.528675083668473801e-07
1.642230555332106965e-07
3.496992975951498388e-08
4.459526723584982488e-08
6.825972856729290134e-08
2.127608472736143755e-08
3.853682359430921536e-08
3.976462298602460619e-08
1.152403330090957031e-10
1.712243988348545388e-08
1.045153699806158879e-07
1.431853567307330363e-07
1.842916017595160360e-08
4.469316944683628280e-08
2.945756841353533458e-08
2.558439750217288301e-08
2.973704199885517297e-11
2.414784236575373826e-08
2.123984806165838048e-07
2.452979830210678221e-07
2.434374137464853195e-08
1.648913949492559047e-08
6.457119944341797284e-08
6.899272147624197861e-10
8.312767778454967716e-08
3.166170639925309720e-09
3.421069877476832484e-07
1.085523339788099509e-08
3.135807534237071202e-07
9.343534278576182214e-09
4.350231749507238219e-07
2.098281472239343902e-08
1.938693656731947353e-09
3.968192079888992905e-08
3.236283952634282075e-08
6.856954916518950662e-08
6.376331401792147052e-10
3.429605046392782352e-07
3.264339576422264152e-07
9.131556681481665711e-09
5.581500594092877171e-08
8.372150483082335475e-09
6.279541717054959893e-08
1.075124276011512641e-07
2.149958820585901544e-09
2.886490062725063030e-07
3.284040868967145544e-07
3.773123327879425762e-08
1.135738158780286611e-07
1.980711463269451893e-08
1.196256661611918204e-07
1.761113975910588150e-07
4.934641594388088182e-09
4.249999161123280901e-08
1.695049174858034101e-07
9.196147053271292675e-08
6.085761763320474629e-07
1.009353447073077628e-08
2.136710832399182621e-07
5.307323048896552200e-09
3.364694521530921181e-07
1.599360609076031247e-07
9.321847166969238142e-08
1.673128436996153301e-07
4.816203005963354648e-07
1.113421966109219246e-06
2.885320552337906161e-07
4.729095706554585057e-08
3.523442360752997509e-07
6.520157430380564500e-08
2.756698016171130740e-09
3.111287579522300435e-07
8.125055058605174082e-07
1.979349088821071414e-08
1.234425309851995766e-07
1.733957276190014228e-07
1.237409258041640679e-10
2.868568902603646571e-08
1.830003077995932121e-07
3.290453468581178065e-07
8.001816068853511676e-08
3.487463270342992260e-09
9.238083963113185589e-08
2.398183158274170555e-07
1.652926872873698895e-08
4.688598314606450512e-07
4.668607767618727532e-08
6.765909824157958884e-08
8.233953487279560900e-07
1.764843036163032912e-08
1.407637492330972756e-06
7.119999961886576185e-08
1.816113941445634969e-06
5.810829614562532219e-09
1.490163487287472124e-06
2.176778212153025621e-06
1.020796169780619855e-06
2.611137250071637809e-07
9.864853095987686142e-07
2.853227142945619160e-06
6.151055031652310341e-07
2.737784123524318247e-08
5.959353371500127648e-07
4.100265082134891733e-08
3.537766643907808249e-07
5.492974233895199636e-09
3.753709112647621455e-07
1.457385867726922661e-07
2.115504083096064335e-07
1.190687134231091403e-07
7.892979978715737090e-08
7.762976777369137146e-08
8.811553029477214626e-08
6.905554733142413094e-08
3.121305501563296313e-08
8.939349274092721758e-08
1.334767019468101978e-07
1.799520634977287483e-07
1.724106602110519225e-07
2.308375435035867252e-08
1.583652117795235214e-08
2.984936780573490233e-07
1.992724459581427973e-07
6.342102968007479446e-08
8.179497973934912139e-08
6.241806671841670309e-09
1.063653479057094189e-08
9.924231262761098437e-08
2.226559585693088022e-08
1.115078783464629874e-07
2.197029041250279537e-07
3.388827538847220970e-08
1.753712097352479640e-08
6.849740777840710075e-09
4.519226504238664741e-08
6.882936220365098341e-08
1.003332040171135807e-08
6.091030652694625638e-09
7.359698244680005417e-08
7.571708528230328941e-09
3.360482299098111940e-08
1.672907124153151803e-10
1.825629318396124815e-08
2.048441621560988116e-08
1.612606332664299215e-07
2.071699880668672535e-08
1.200331974666194658e-07
1.581205009810510855e-07
1.323947500268224680e-08
5.952955714121303039e-08
3.963835402808025492e-09
5.765092562869268587e-08
4.935675789216843373e-07
2.792901206476984273e-07
1.913419463097117834e-07
9.505907287578960549e-07
7.903876396003809870e-08
5.007011939366395469e-08
2.570269756377064407e-07
1.276877602244742619e-06
5.059587397909162112e-07
9.596298539264813227e-07
4.138826028661511822e-07
2.077108624730019932e-06
1.304826706024139731e-07
1.009895767132884733e-07
8.523504276498155592e-08
1.040304321922099041e-06
5.074700840593707802e-07
4.145907686336082889e-06
1.894535408678469779e-07
4.134547592820069322e-08
3.060465042799049585e-06
1.356988207328885461e-07
3.250169319985484993e-08
4.522865672289125826e-07
1.620544772760850710e-06
2.229820941688440021e-07
4.656123907591912309e-10
6.957574223588209672e-08
2.027211268192860561e-06
9.890953941214588107e-07
2.247210073205300686e-07
3.118491445074662746e-08
2.275844876946603240e-07
5.623646649715375051e-08
6.493895287307840299e-07
8.679545861177380554e-08
7.140619119045629312e-10
1.702239677378323104e-08
4.648409006737806638e-08
2.667948292846094920e-07
6.482678308672281555e-08
5.940200864247179458e-10
3.117462253678978419e-08
2.500787431275797812e-09
6.601476944896325085e-09
3.578752899349936755e-08
2.346215182043847555e-08
2.623584884551876866e-08
5.785408020526172122e-08
5.346817560187470473e-08
6.513004003524705369e-08
1.132525778837207724e-08
5.866984587166805563e-08
1.252165494684206356e-07
4.215199438821011008e-07
1.416082814460518845e-07
3.295149625864041295e-08
1.377418264749796435e-06
4.391388364616974231e-08
7.335599759989903676e-07
1.226403644904242301e-07
3.948150106617622346e-06
1.879418685051607095e-07
4.979807666088069210e-06
2.254933720886191840e-06
1.561391022362418223e-07
3.358990300852739422e-07
2.041110714771081978e-06
2.918527928270765593e-07
4.025585671565043242e-06
5.731469290610051633e-07
1.639743791040098902e-08
9.012358509507241492e-07
7.000045311027293137e-07
1.349604280724725866e-06
5.861033701382974345e-07
1.302880006773147374e-07
5.694884644743811325e-08
5.220897070037378317e-07
1.258773349900500169e-07
1.215117630550126694e-07
1.272681840645843606e-07
1.388770523500266081e-08
9.650702850530836807e-10
2.645160537721305100e-09
3.272249010012868202e-08
8.505202121105363405e-08
1.231044459291403917e-07
7.674646352555680214e-10
5.512219892057609233e-08
3.694096301715096085e-09
2.756947931763329283e-08
1.118482890314055394e-08
2.243048356615979131e-08
8.049234091585889352e-08
8.784874806183996347e-08
4.358171978069484803e-08
1.134520883175246906e-07
1.422306897400585441e-07
7.080146963912425229e-09
5.560419659450432379e-08
3.885829201198605557e-08
2.273530004808610287e-09
6.447146279943091697e-08
3.102207912259551147e-09
3.181007318277052711e-07
9.979022724542566824e-10
5.622141638233551305e-09
2.878522094742075238e-07
3.006113025861727941e-08
3.158040521081518039e-07
6.483734439903757777e-09
5.156442418213194314e-08
1.194103153806797540e-07
6.274708243689021626e-08
1.065069368714518532e-09
3.166767454678561591e-07
4.156184824151873980e-07
2.859620924275707235e-08
1.388432158410333768e-08
8.234662468740511698e-08
4.736398577135691112e-08
3.949299703467571307e-08
7.737171286359297119e-09
4.648658551608906841e-07
4.452673311574386714e-07
6.507931239442509080e-08
1.693172136036989220e-08
5.267827991544034373e-08
2.244679428847294836e-08
6.652739937532203490e-08
1.392592698729038972e-08
4.094463224043298564e-07
3.566454516519185073e-07
1.681980756227786344e-08
1.142217210755900233e-07
3.767978792595695489e-08
2.153087230842240464e-07
7.372642285067138066e-08
4.225005263729646179e-09
2.481081672778339908e-07
4.338662547691663436e-07
1.113879010618588718e-08
2.135020977304209249e-07
5.575935554083431592e-08
1.073207901188563294e-07
8.606058298143158022e-09
3.731575618911610686e-07
8.812309881159126150e-08
4.164997383265870588e-08
2.837366185614381988e-07
2.076523764348534798e-07
3.393568654833510259e-08
1.634525167250586601e-07
1.222601839257590949e-09
4.692306314998286625e-08
9.245921939355312775e-08
7.004177008281185585e-08
8.059125068277487926e-08
1.225820057258150121e-07
1.477159674418373563e-07
1.440336331777305411e-08
5.740672584037990132e-08
5.183083392424833911e-09
2.956694664017014264e-08
4.022193435430820730e-09
1.938873330486752624e-07
5.860327960403860365e-09
1.955187341343645518e-07
3.441656948708328670e-07
7.033625107650803845e-08
1.980352496552008936e-09
5.601326018979315133e-07
8.349605413457468159e-08
5.369477608455718431e-07
6.214984676118722465e-08
1.345379283397037364e-06
6.484885697229900304e-08
3.200710758295556022e-07
8.839597557213324310e-08
4.694628268175451634e-10
8.969550679041285848e-07
1.991013341603684811e-07
2.567796270590917421e-07
1.556566154368054126e-06
1.725006176554068085e-07
6.733665386124911541e-07
5.705777090254234479e-08
8.609272202056519178e-07
3.771022981176101474e-08
1.968618994569558095e-07
2.328634670594373660e-08
4.942246604058987749e-07
2.294466974231975550e-07
2.319177095356785407e-08
2.507596528988558242e-08
1.180363577879928155e-07
5.983874622148023194e-08
3.770658352059437328e-07
2.410482563405333749e-07
1.377430574041482047e-07
7.410692412502215108e-09
8.935752389355830181e-09
1.284334347850638667e-07
2.531034349958721534e-08
3.427133867723703186e-09
1.926102722200387610e-07
2.309853406226054228e-08
2.682318086779948248e-07
4.815211205034885363e-09
3.703778114818119137e-08
1.738703848988529451e-08
6.304049453445885655e-08
1.950554615816653070e-07
1.659688265733380992e-07
5.729419364453699127e-08
6.860030470085435518e-09
1.403564250948205336e-08
6.868788709759348157e-08
8.379878240552784780e-09
4.956954051770369065e-08
2.999762228845335147e-08
4.504499608638248732e-08
2.940894809114324781e-09
4.927604787593998053e-08
5.237957741403122400e-08
5.565126206496499578e-08
1.368218975075160919e-08
5.191296379002620831e-08
1.384894787734138599e-08
8.055265312217386706e-08
1.002903007185161129e-09
6.846415401529190892e-08
2.219554675025234565e-08
5.584381918573091167e-08
3.339642161997738998e-08
1.362592378954474072e-07
4.960003341614278981e-07
4.222578775888672564e-07
1.171230800169941494e-07
6.219840165162041901e-07
2.031967753658552921e-09
1.178948815184148981e-07
8.649799927458066117e-07
2.785502456547535508e-06
5.501921675205127620e-07
2.687706393163269322e-06
5.358732001954138968e-07
5.468913938979305412e-07
4.577379127842629845e-06
5.671247655939971925e-07
2.819740297746346129e-09
3.211967118494093650e-06
3.997901697770631681e-08
6.617766024059278471e-09
1.212361431520429207e-08
4.553581705281442611e-08
3.018304089061659212e-06
4.107879054093975047e-07
1.902901556848903255e-07
1.602928720921781523e-07
2.984597278345305187e-08
1.032762143123679366e-07
2.463845012088322496e-07
4.555379412057261812e-08
3.670221235831477060e-08
3.769168596460022016e-08
6.642239857383651096e-08
2.632311665287736281e-08
8.793419582936023123e-08
5.509863241593112425e-09
1.671853885824186228e-09
2.233886565919114631e-09
5.215298969989681640e-08
2.381256902512832870e-08
4.440295239478202758e-08
4.715301227604789288e-09
1.048492167153109106e-07
7.093938938594257424e-08
2.147497809721874485e-07
5.926891901151419881e-08
2.008747730772973160e-07
3.050300403217893637e-07
4.545499515971002174e-08
1.144079213629155601e-06
3.796400020905290656e-07
3.472671169564370574e-06
2.014387335511215772e-06
6.531005795140167834e-07
7.512050022442775618e-09
1.444699345999625899e-06
1.292915348619956463e-07
6.242513234841824850e-07
3.210842951173660794e-07
2.759828883892930362e-06
6.816421627380791675e-08
1.678239565884091521e-07
8.863966374007560891e-08
6.437214944197623338e-08
3.132060999430867423e-09
1.469877308426421326e-07
2.022291893279770347e-07
8.512129661114652703e-08
1.278176854985259616e-08
4.409794671922946614e-09
4.917442846003277941e-10
1.440724907403746101e-07
1.057763963427747528e-07
1.122298552648878191e-07
3.503429016859155950e-08
7.571236688840394303e-08
1.965242853128026052e-08
7.474817770831886479e-10
4.469477712366904956e-08
3.929499587413597518e-07
1.562922318140841051e-07
4.987946974590403605e-08
1.594382672335015101e-07
9.888756050544284496e-10
2.500980483419230167e-07
7.958699742279787430e-09
1.610835042054935968e-07
1.295866703008595665e-07
1.147422581093375065e-07
4.799459804851321470e-09
3.150567913764638162e-07
3.768489399385597861e-07
2.791933640301973674e-08
5.913273617558818898e-08
1.157792023626608213e-07
9.784377345277791132e-08
5.811781759807915372e-08
3.389672108071747146e-08
3.629399948458502486e-07
5.161620567889530938e-07
2.064550445851301537e-08
1.567069882944174204e-08
4.979021310167519089e-08
1.588373748314455706e-07
2.853567996233128228e-08
7.964439378452120823e-07
7.854327496648033698e-07
2.834666271343964579e-08
1.868050511728866017e-08
7.062631142590039803e-08
1.604334345688455997e-07
6.905871080797773049e-08
1.066313650711093003e-07
1.186959021469940958e-08
6.881254700569869873e-07
9.979077921680908341e-07
4.724181953194662132e-07
1.598298544280436222e-07
6.482935373251343209e-08
1.194520044536059339e-07
2.648775974138592311e-07
2.977566642730472209e-07
1.294783689172528004e-07
2.385011690321756883e-07
1.812609642921347212e-09
1.865312574712027316e-07
3.285317188615405862e-07
1.777985012312782493e-07
2.861305914664101906e-08
2.913929352593842821e-08
2.278701732343772066e-08
6.300090630268566127e-09
1.786164789377892482e-07
3.998828196762693614e-09
2.586622467356106295e-08
2.035014505746558792e-07
2.013519504840088926e-08
1.046819991454677578e-08
2.935217198495907610e-07
1.875788027542477735e-09
1.367160100789153810e-08
6.117133372519686887e-07
8.766968892078927752e-08
1.910109419150121174e-09
4.489973394619294634e-07
4.626914417998177777e-09
9.880363006905227226e-07
4.982133643980029274e-07
1.387174027439234172e-06
5.699883287891728482e-08
1.619417103804035018e-06
5.673627406058174517e-07
5.561318788122040913e-07
5.320369039506163751e-07
1.262367666241601217e-07
4.841636689245351718e-07
9.923926931258481940e-08
2.317592426551311234e-08
8.653695991804767282e-07
2.708169715061339593e-07
4.603626069790651653e-08
1.500706390469844759e-07
1.811922963716552541e-07
1.853134497805113477e-07
5.200947315731228538e-09
1.577611178703775524e-07
2.822762390668397662e-07
2.737389419812932128e-07
2.414096917491797637e-07
1.143817880993716092e-08
1.791895526420513963e-09
3.917557042763152656e-08
9.002266501444099251e-09
1.787179116229117293e-07
1.776377479831612808e-07
4.418127182853786115e-09
1.560589571967705753e-08
8.756117283660222712e-08
3.564257814356791118e-09
7.480656109341821832e-10
3.058417126523774910e-08
1.251186035612505551e-07
1.877174113528829533e-08
2.887234407511239281e-07
1.189179222064060488e-07
1.015585133305134968e-07
3.157568030464034425e-07
1.542553688230119254e-07
3.755860021312990466e-08
6.445755641557891262e-08
1.401218034158645689e-08
6.641672784875268296e-08
1.479920326539209426e-08
1.837090970828881580e-07
1.471506427340092816e-07
1.438989607722574254e-08
2.317154129033364180e-08
5.076118793649372539e-08
1.811020882085075337e-08
1.361202626965986796e-07
1.740265213294194545e-08
1.106558811381219968e-07
3.263578019231918857e-07
7.801640064980052846e-08
1.854898727060406745e-07
1.002872358638299866e-08
7.734506206139024874e-07
2.796646048771602443e-07
1.792735886147434015e-08
3.931340982739557766e-07
1.958832946479352956e-06
2.078998249914597664e-07
9.335148408654926343e-07
2.816718837854374277e-08
5.236262531684679688e-07
6.880395792246974264e-08
1.476596042704942551e-06
2.142341000212614037e-07
9.668371526065591150e-07
2.221727995628176848e-07
1.373668202772621772e-07
1.011198969192463985e-07
4.588052706687658220e-07
2.049676860711310859e-08
1.575525789257256292e-07
3.735216507815109672e-08
5.525925986251719777e-08
6.704911504227115341e-08
2.252953514813839409e-08
1.177694036795395339e-07
6.658951578742509830e-08
5.489313154981703295e-08
4.374363415096645086e-08
2.632805382608702975e-08
3.147430410994078574e-08
1.053101757620763839e-07
3.771504159403228620e-07
1.245983855681888626e-07
9.981225977609620558e-07
1.644281983869585303e-07
5.667670083408046440e-07
4.269198856937297184e-08
2.289259529509852039e-07
8.260116830234485586e-07
5.588239168611972851e-08
2.309614869192063794e-06
6.927604946199680668e-09
3.021321093193479847e-07
9.210259699804125767e-08
6.750405123632669069e-07
1.212458499186822593e-06
9.685862490371194373e-07
3.074640693946591911e-07
3.889956833590338136e-08
9.039187866100511021e-08
2.510352563861629028e-07
1.948258135484109890e-07
6.847412194813550635e-07
2.404626373435668410e-07
2.335218352849434206e-07
1.727491839091619232e-07
1.114772248751818289e-07
8.379245865321457767e-09
3.605982650642124353e-08
3.589172388576488378e-07
1.477634143736010692e-09
7.694924174297481180e-07
1.910066261566831794e-08
1.448366152678624648e-07
3.892824422251837288e-07
8.095629280288597473e-08
1.402732900761621585e-06
2.216253957809132687e-07
5.129079287313481052e-07
1.162216888049765304e-07
1.014725259856344925e-07
4.817382279079474318e-10
4.689420076729981071e-08
3.874944773431807177e-07
3.289508940022026476e-08
6.876874208390724229e-07
4.634504823936824766e-07
1.683008233603096319e-09
2.338606004529797044e-07
7.212168661682648510e-07
1.300813571763484049e-06
8.792532107126459467e-10
2.531515049515342773e-07
2.196558298497642911e-07
5.048690192425583487e-07
4.076299642761401322e-07
3.575862490671357387e-07
8.401774958837666111e-08
1.810778870294615525e-06
7.808693085252668769e-09
1.540188833663682215e-06
2.688525092646047657e-08
8.052969991215444213e-08
5.220475206334860379e-07
8.656413255178368777e-08
8.834171077798185995e-08
5.145670945927257521e-09
5.951521391028487083e-07
3.201830081364591833e-08
8.774504819514367030e-09
4.419972101038303621e-07
3.500778955962363080e-08
4.801187776610404976e-07
1.252190954896388086e-07
1.957924029142707266e-07
1.783055247303112669e-08
2.320193363914104202e-09
1.639669640778739098e-07
5.162216320190861308e-09
3.857455600556328302e-08
3.649971633890950051e-08
2.493157362709735251e-09
1.326910203023487545e-07
3.010654115759202878e-09
1.042231533368921903e-06
8.083605068468885838e-08
9.682713699924760784e-09
1.035922856089022539e-06
1.106480409699637879e-06
3.538977081755179949e-07
4.405515423392411384e-09
2.833328529887962940e-06
5.658776018695073933e-07
2.201056284385378349e-07
3.050016678787944098e-07
1.003707228744812252e-07
2.408145025952895370e-07
1.280636893274519954e-06
5.235554459762415814e-07
7.350922614971301444e-07
1.762396893131486418e-07
3.153096356421002692e-08
1.445843383471818923e-07
3.166062487127545306e-07
2.330787105284998008e-07
1.204733082491051388e-07
7.478170520816959923e-08
2.498652778254734756e-09
2.034068633704492066e-09
3.846250949855536465e-08
5.999848244114997287e-08
4.849842219072096333e-09
2.262684518571992945e-07
3.063080774522233801e-07
2.943194535769109231e-08
1.983661775881936524e-07
1.359922211361238314e-08
4.566530884030107402e-07
2.324090584423563380e-07
4.129694395346972784e-07
4.791695367460781008e-08
4.273448808762357391e-08
9.648045938604517046e-09
1.042936802242065354e-07
5.445100470383710112e-08
4.758713932661516846e-07
3.633412905576414316e-07
3.385965488474805770e-08
3.942750837786588713e-08
1.229934133498414793e-07
2.401687365075354782e-08
6.742473795971988464e-07
2.007300409548805017e-07
2.589191732810187539e-07
1.112452103641013297e-06
2.077932151261342758e-08
9.712248183346578120e-08
1.710308840972273592e-07
3.497442965214620962e-07
7.505446030156538745e-08
1.560170059868140614e-07
6.015035723864978714e-07
6.933790283747257614e-08
5.972637315167658253e-07
1.474356064726678874e-07
4.934528458021957463e-07
1.445064881502353028e-07
1.061194109195504751e-06
7.742339232489936545e-07
3.852194797902233148e-08
1.198510876129398316e-07
1.439989736826325600e-07
2.682287079394433767e-07
9.018044030635167235e-08
4.121143050863054061e-07
1.413918346495649733e-08
2.187842802398701590e-09
2.463022723367088429e-07
1.197166758830990631e-06
2.639777002041308971e-07
1.309094600037509361e-06
1.618293228426182011e-07
1.796222388764002073e-06
9.922362241554670845e-07
2.399780865782517121e-07
4.523811432001512338e-08
9.847022261779885134e-08
2.195067615210739248e-08
1.256391858524859366e-06
1.594939491459956857e-06
1.372865056076489295e-06
7.397577337207714468e-07
4.843153587355467695e-07
1.142773176426259366e-06
1.635693668000395904e-07
4.993320876710391699e-09
4.185957836116678545e-07
2.886612422354665807e-07
6.947929987692639002e-08
5.205963282763726203e-07
4.503762401288260834e-06
2.881117010772785546e-07
4.909684371916926316e-09
7.434165304416461366e-07
2.907797268023181777e-06
5.077576173487210556e-07
3.405507631254509778e-06
2.998332998072249348e-08
6.019955683685946000e-08
1.724270086919363911e-06
2.878335794713758739e-06
7.876451800430823994e-07
1.555343572584132611e-08
8.345450250047202739e-07
2.518314062961247367e-06
8.360351876435523118e-07
5.457768384799090408e-07
4.909226429488590194e-07
1.976647951951364735e-07
5.721637527986265507e-08
6.889482179009248651e-07
8.947415783164546163e-07
2.128711168534097534e-07
1.825112478114563805e-07
6.428293946822857984e-07
5.740842908420463722e-07
8.970064647758481340e-08
1.105352351937240990e-06
3.061499181120497986e-07
1.351667200699642849e-07
4.973708673343613669e-07
1.660220922564043100e-08
5.747656555581043103e-07
9.770467647697511896e-10
3.466500418646318438e-07
5.536503758627407778e-09
3.042817847706855765e-09
7.948142197825203633e-08
2.222480744981149794e-07
1.245736100775226812e-07
3.916003978543114453e-07
1.528995475362407007e-07
5.412631758258294432e-08
2.223689786633044340e-09
5.741619120817910647e-08
5.258758279308645768e-08
4.985028782301089223e-07
7.877216995518992567e-08
1.711641778986584309e-08
6.168092848757312431e-07
2.692823260126983078e-08
1.312151298815414958e-06
4.316898000108711505e-08
1.015312540981722203e-06
1.585543476871694369e-06
1.475470688181072427e-06
1.529438348920550013e-06
6.145656244358374527e-07
1.946097491003200719e-06
1.174292997389515970e-06
1.608051935969901781e-06
3.838499386918285217e-06
6.420039690825243582e-07
4.432114402698772357e-08
1.830762111286339856e-07
2.880980649784608662e-07
1.908268140783371066e-07
7.914801411219605147e-08
2.425007208069324211e-07
2.426458949627618416e-08
3.416193249211712603e-08
1.272624021968871117e-07
2.030362499258883222e-07
5.559102024569325565e-07
3.141802089416302866e-08
3.600008402724528829e-07
9.480929673389434939e-07
1.093164038187828801e-07
1.774038309796978517e-07
2.545488455725372089e-07
6.162678973512080702e-07
8.718058075771872616e-08
6.201296040036487278e-07
5.154487379760303983e-07
1.122043925952786577e-07
5.824193399980769554e-08
4.068685556098350444e-08
7.010241224955854087e-07
8.207370795188500529e-08
1.685901090091828707e-07
1.967498405938481424e-06
2.883477747874972609e-07
5.034837925167883375e-08
5.025779686762946949e-07
2.095180468467945259e-07
1.564267057917864313e-07
5.854037838406754347e-07
1.218639577757469073e-07
1.532618623197353650e-07
5.138116550110391567e-07
2.658499943773684706e-07
4.189162334193854298e-08
7.895365011366580731e-08
1.883763295744243279e-08
2.147287879987992135e-07
1.949354503268241780e-07
5.708494660794397251e-10
3.615398908142128208e-07
1.126077450226260761e-07
5.173872999786011443e-08
1.420950755019886654e-06
3.771952728452832065e-07
3.694904014601865753e-07
7.268798989235141545e-08
8.918959531627978494e-07
2.162414442947175236e-08
1.303481436021894310e-07
2.717011353541257851e-06
1.232384017479385432e-07
2.155201198628086399e-06
3.850333123750369112e-07
1.494401528990657996e-07
3.093392577875152713e-06
1.981237803347677587e-06
1.125654696064716559e-07
3.781076967415078420e-06
4.340972744048875330e-07
9.347191380497183902e-08
4.778818591120516943e-08
1.528164271199716104e-06
1.148682058391459579e-08
3.879323953756011029e-06
5.982592451025127175e-06
3.007510419797390888e-07
5.334710645024471953e-06
7.515145683100972113e-07
2.728261226293890456e-08
2.516356401550268902e-07
1.289558299422190640e-08
1.902689906807342654e-07
7.921866391592840551e-07
6.133692581293173681e-07
6.572786865957088665e-07
2.927343581538846388e-07
2.085652970843942937e-07
4.091770719479260902e-08
8.537341305460793173e-08
1.036907995836997584e-07
2.392960182007985701e-07
1.320141545672495039e-07
6.090560036375433645e-08
1.837749864898729735e-07
3.750445051696474937e-10
1.234980568241191210e-07
8.609781482811658862e-09
9.870580341368413897e-08
2.756541144666150497e-07
1.937513927707978759e-08
3.577572385284882924e-09
6.514400365661126044e-08
9.666067622069773228e-07
3.865183886262256177e-07
1.733403566537119013e-07
1.531091315535546626e-07
7.638001522610851136e-07
3.462224132480327340e-06
5.211697749946614160e-06
4.291391666142682227e-07
5.643289577330960784e-06
2.519388806212416613e-06
1.612776446509628111e-06
1.332564735335111473e-06
6.143813767090227870e-07
5.151637495431111293e-07
5.578078340013895785e-07
6.520678022506659103e-07
3.891322304081066353e-08
3.555829734643750631e-07
8.076879192444910011e-07
3.363865585759948098e-07
2.869274754712502096e-07
5.742387076553806855e-07
1.056049241722758480e-07
7.243791257933092880e-09
2.687609466000057636e-07
8.541375312822764968e-08
5.371969994540851903e-07
4.410378219275064449e-07
1.537463466222895798e-07
5.088767796812708794e-07
4.085867670203376379e-07
7.765742972802026760e-07
2.546172292476150933e-07
2.180323192451781503e-06
1.052405633111623139e-06
9.536259211887038762e-07
4.592464711671038208e-07
3.794261631530082513e-07
3.317136782704361248e-07
9.214427563081185208e-08
7.100880803326302598e-08
2.834588340179972042e-07
2.169684802484387953e-07
2.876392667532786930e-08
3.714077253144497266e-07
2.805079225347336941e-07
1.557665304389571532e-07
1.472233141345921804e-07
2.808592301769589480e-07
1.693976876537915012e-08
3.933725109798254596e-07
1.392104764716385528e-07
6.836684045779260942e-07
5.786157344762866121e-08
1.054894338230378884e-07
5.610075856913811075e-07
1.140770950568412579e-08
3.037299240628711491e-07
1.442932955625032166e-06
3.898378303565701049e-08
8.364425928284865752e-08
1.120210285375940987e-06
3.439656486777404499e-06
9.648323906406747890e-08
4.788032269568245393e-07
2.907277001026801907e-08
5.368526773669889517e-07
4.896348580225911804e-07
3.972740937140916896e-07
6.565187532742812407e-08
2.538545239258635798e-08
1.716470849922265593e-07
8.070032769717264529e-08
7.780756588826941084e-07
2.245585246083747199e-06
6.621880372437001688e-07
3.602163678504927945e-07
2.302890126299196313e-07
6.121657917835199156e-07
7.524618637228463608e-08
9.541382578971460332e-07
2.343626531734121065e-07
2.014606496535569198e-06
6.630936459653956151e-07
3.928888273168558610e-06
5.820696040482681782e-06
1.626800856414261544e-06
8.589065974810953879e-07
3.402633292271330805e-06
3.418431003620482634e-07
1.731372113606431558e-06
4.136081597433924112e-06
6.876921593435576577e-07
3.452041984038478996e-06
2.633396640498916538e-06
2.458087523500202149e-06
6.737946906751261480e-07
3.896541838472731655e-07
2.303921998997307651e-06
2.811258387710905343e-08
2.560270402736396116e-07
9.858743399882216297e-07
4.024680170248219133e-07
6.840706838790680507e-07
1.164114782551330617e-06
2.429062795255980551e-06
1.602303315885753314e-06
7.558267027691135526e-07
3.157961512993739711e-07
2.168839165684175907e-07
3.936878679200912514e-07
1.422943965872874326e-07
1.052965022861023185e-07
4.008724823736364166e-07
1.893269976550788446e-07
3.661422194113052605e-08
1.863188726476576187e-07
3.171306102990971514e-07
3.527360611632287273e-07
3.018333371728107406e-07
3.566184492203864436e-07
2.601265839073989948e-10
3.599501405499088461e-07
2.729536701437323236e-07
3.327063138820194168e-07
5.957186380785494144e-07
1.398982996663459957e-07
1.301913002085442675e-06
1.594665043977334469e-09
9.971861923301427923e-07
4.913809360512525383e-07
4.041411841790265259e-07
1.217173956997231096e-06
3.867948815874132495e-06
1.094880734972621553e-06
3.692317061077299642e-07
1.947306478649033457e-07
8.341403887274817193e-07
2.113373416499354385e-06
5.567780615016078339e-06
4.996971041038983059e-06
2.751708370794518524e-06
3.634006839691034667e-06
6.975875980354245163e-07
2.340484114648562750e-07
2.445528312195348588e-06
3.148530568815683768e-06
1.102110274470117402e-08
8.021584192197055896e-07
1.586721911275024140e-06
1.311577484313585177e-07
7.590053261943045976e-07
5.964861682210437684e-07
1.697513074504553219e-07
4.228499009322933605e-10
1.304790096925223780e-07
6.145098941837902050e-06
1.975109983400682570e-08
2.069736484085132377e-06
4.293677162059538865e-09
1.290216070702128433e-07
9.054224694919804793e-08
5.233582173267513106e-07
2.367196747383160568e-06
6.750673985791228915e-07
7.799920826982067375e-07
2.111269699992679308e-06
1.201104801518336704e-06
4.563847359775717209e-07
6.171136546665513674e-08
4.119032791823551412e-07
4.672753770076680285e-07
2.771960031703433288e-07
1.486750755993636174e-07
