4.730922227519038678e-13
1.483526648927970216e-12
7.238081374536826843e-16
5.703883668177809598e-14
3.453320314024211192e-13
3.513399271176943510e-13
1.040236191374380136e-12
2.782270305159582075e-13
1.056603841352593052e-12
7.404339709453921498e-13
1.451600233846058417e-12
8.332392457233227150e-13
7.117991820327638694e-13
4.701495717334144130e-13
8.285971690523440103e-13
5.238472284774854180e-13
5.752103873112255361e-14
1.858382360422143157e-13
7.310589313807649976e-14
3.392048636095820815e-12
2.347191645747939414e-12
2.694765913189857221e-12
4.050890961899991607e-13
3.970765984265638541e-13
6.387919113962617336e-14
1.100327179396881982e-12
1.504845500213915169e-13
1.480629435256135705e-15
7.197627949291249877e-14
8.185109466941689268e-14
9.035302788979379533e-14
1.033697042316742281e-14
2.406095034996565724e-12
6.133315723087779096e-15
2.910572796158764468e-13
5.215583775518436292e-13
1.429633854977390749e-12
1.744557900958533743e-13
1.797460483831779853e-13
1.440311683914382691e-13
1.663629812815509671e-13
3.735951328067898697e-13
4.710784867733535210e-13
5.643607369798621383e-12
1.027334231241288315e-11
1.588802649510897525e-12
1.162414403294043031e-12
1.083055623273415093e-12
1.718655581444010955e-12
2.453399316460047245e-12
5.419321754977932714e-12
2.173153440484047042e-12
2.259053136092506008e-11
5.731096099416439684e-12
3.574204811595487339e-11
1.727520722923870193e-11
1.957864985784467669e-11
1.111028818753438865e-12
2.263627122967000560e-12
4.022539866985315649e-12
1.212948452621949032e-11
6.231024951337347759e-12
7.479482327656485774e-13
5.800785759132590884e-12
1.432432434443228949e-12
7.035369285114514898e-14
2.790705151627990358e-13
4.413027221656524596e-13
1.974940264110316144e-13
3.262490110784170965e-13
8.419806789984166974e-13
1.373562399080908652e-17
9.961689729701125464e-15
7.523251194962692506e-16
2.145857010575950076e-13
1.489249531998626144e-13
3.832190700556352523e-14
6.067357753022498795e-13
1.036042735495821788e-14
2.226816854705511457e-15
8.986359200636049569e-14
1.222797240579027027e-13
1.085690585288926560e-12
1.730157449760085942e-14
3.260642720148925472e-13
2.643299930637107448e-13
1.445660625095604670e-12
4.579841298771698733e-13
5.259816866865712562e-12
2.146222470767908042e-12
2.022255832780209215e-11
5.004618985541503645e-12
2.169196175287231177e-11
2.525656075140594976e-13
1.390573570723116204e-12
8.209813037919416789e-12
6.839586789645518600e-13
1.213554509129949957e-13
1.147025407456015383e-11
5.984719059451425684e-12
5.356829646338760583e-12
5.197534328862335734e-13
5.331224363419817239e-13
2.213119939340302106e-12
9.002751831058964779e-14
7.494770997933250014e-13
5.469978169672203426e-13
2.687019339667900250e-12
3.764838211510514393e-12
2.341347977778711983e-13
6.437400610250481885e-13
5.051687928375646955e-14
1.843608085575693515e-13
1.204772202524192311e-12
5.096553862735185397e-12
3.224526833629134477e-11
3.608221281748488320e-11
3.169886811550619885e-11
2.228426603867716894e-11
3.061516949473607462e-11
1.910333047750623833e-12
1.989183539089508967e-12
3.378128249394456399e-13
9.744535772254165961e-14
1.295733846308310025e-11
1.172490629039465054e-11
1.329208634956108938e-13
4.196878275596360062e-12
2.046357926365834115e-13
7.969037876194874435e-13
2.807040891347096092e-12
9.131065503850343608e-14
6.542801420731950356e-13
8.132219822041778529e-13
3.911339634722855412e-14
4.386674513463845256e-12
7.150998693169307069e-12
3.814048977701592887e-13
5.822274075416453045e-13
1.142290362510432230e-12
5.691387243316765639e-12
2.846492561476472020e-12
3.226255574591999522e-12
3.073995351381223470e-13
1.256733147485492550e-12
3.057680870498739231e-13
1.724765784662725941e-13
2.336329828818610132e-12
2.077092994192972888e-12
8.255791966856804943e-12
7.300770274951097952e-13
1.582337094631813650e-13
1.416563905734174439e-14
7.129056728970850840e-14
2.627126984393451934e-14
3.440790747389426319e-13
1.758363150940618652e-12
1.483037794192104256e-12
8.785271659687636946e-13
3.677104014063616166e-13
1.250447533283978538e-12
1.646878876782746839e-13
1.271388050137949637e-11
1.795760342628557488e-11
6.785943439431106482e-14
7.204997040831368389e-14
7.383334353041170003e-13
6.389227147471263429e-12
2.601775323741227779e-12
2.073228260240141202e-12
2.885527149374697597e-12
4.934813841692772181e-13
2.931485593080380475e-13
5.873406046764423109e-13
8.972005096851136519e-12
1.985750452519995338e-13
4.229866487422726186e-14
4.010071710847092198e-14
1.376908154594686924e-13
2.518964242832251823e-12
8.715705422054342804e-13
2.215696932818860300e-12
1.479705068828399717e-14
3.518128944199454595e-13
2.506561009455007619e-15
7.919046780560552863e-13
1.038175386677418851e-13
1.304997915506373844e-14
1.457470889646641284e-13
9.501419171706065874e-13
2.981774358674701460e-12
2.365802777814912854e-12
5.384154755099444228e-12
2.965224270979632061e-11
1.393497629391657041e-11
6.334838012133214625e-12
1.600314331656758114e-14
3.219648329186851977e-12
2.124989132868237827e-12
4.337443398954373113e-13
8.084671487039830270e-13
5.409466840332726217e-12
9.955169704410407581e-13
7.540442840353564652e-13
5.603005154897893321e-13
7.987901530422869266e-12
6.732210469703896984e-14
6.310389497615098392e-12
2.197443089225669849e-13
2.802433319587666482e-12
5.762757300421129474e-13
2.962252451422496224e-12
1.279974068602263214e-12
2.507638087187482554e-12
2.032390697989930196e-13
9.578335402127527446e-13
4.125631187651618753e-13
1.734821145281019240e-14
2.796093435779675684e-13
2.488649955633397618e-13
3.456072451844913806e-13
3.543117448854721281e-12
4.109958109908393370e-13
3.208713610253006004e-13
5.525452079726446845e-14
1.538724429145592204e-13
3.991018556912542052e-12
2.966919814264261476e-12
2.646767007019856076e-12
1.926300371225245836e-13
1.939228352505744307e-13
1.689464175942680138e-13
7.783112912591175516e-14
2.902641557377953792e-12
4.008805060406766688e-12
6.828006606609037647e-14
7.988985428938593077e-13
1.461586070617323011e-13
2.189592312344870248e-13
9.976592703243699974e-15
8.510023007159861355e-14
1.228905171830230718e-13
1.877625119488346665e-14
9.612135843128657406e-12
1.650022177285912022e-13
3.007559704899587859e-12
4.690641387204385912e-14
3.504171580557664676e-12
2.882780683440416419e-12
1.460011104501744878e-12
8.048991887954573002e-13
1.504772415434050626e-11
1.755009359610113513e-12
3.685370845651701112e-12
2.187526474061982087e-12
1.962068870879478774e-14
1.613308387875755878e-12
3.189004900728081350e-13
5.340862488154375137e-12
4.612063545216790413e-13
1.515794018751448984e-11
1.962378178991796448e-12
1.646315604321721515e-12
5.347685486198066614e-13
1.380053329209164398e-13
1.406494387222991335e-12
1.956269587077568260e-12
3.115335626366933966e-12
3.699717123410308979e-12
1.007510064553412914e-12
2.202513091392072733e-13
2.153904046009687850e-12
6.135478902471037084e-13
4.567244030746226347e-12
4.661306408600739261e-12
1.152173833408525958e-13
7.213256722825416669e-14
1.023137169687777449e-11
6.965230194679610563e-12
9.130658925611071576e-12
2.420135193724571545e-12
2.241444869943503406e-13
2.435969173518872956e-14
1.464577737840191671e-12
9.427459883554528853e-13
7.821796457266455356e-12
4.360584565741122441e-12
8.086006740125640426e-13
1.792567396713399480e-11
1.473983627910762604e-11
2.844158770990155112e-12
1.516809817286487449e-12
5.532971017629799120e-12
1.323000788996925942e-11
4.593985078319345219e-12
6.914466707872295090e-12
6.598139119412043869e-14
5.312560406991721471e-14
9.130914961395007823e-13
8.592525631005168315e-13
4.856061985019824768e-15
1.019765307109893069e-13
7.485200893038895955e-14
1.580592598688220159e-14
2.350321610269862552e-13
1.053243376931283001e-13
2.915451111485514575e-12
3.546444211578920343e-13
4.199614143877050867e-12
2.772097719994525208e-13
4.785475491714348569e-14
3.434500292676553345e-13
4.879247618470507943e-13
6.101773229661932987e-14
3.064304155107417152e-13
2.365154866944033853e-13
7.061437746608825720e-14
5.588610865926757016e-14
7.610759130190237120e-14
2.124886937578592150e-13
1.888608677397561356e-13
8.812832026937339470e-13
2.104002109707811381e-12
1.408527770262096642e-12
6.648275712579978752e-14
2.246882867353603957e-14
2.477898299621046672e-12
2.711929116812295218e-13
4.217976224426220199e-12
1.439894395201648811e-12
5.531673809107182781e-12
4.025216042543004572e-12
2.130061226599212566e-12
7.061622170327301550e-12
1.643441344931424629e-11
3.441784070371891587e-12
1.489817348820985921e-11
6.801505829269043779e-12
6.016450593767917281e-12
6.536330153482546059e-13
2.196703605220239687e-12
3.104941782904641442e-12
9.454364105907391184e-13
3.266570472265777665e-13
3.648848298634180996e-12
2.186115382836804579e-12
6.354841784339150254e-13
2.470061185587223954e-12
3.113048840401089706e-13
9.368692572675143215e-15
3.364689656218090011e-13
3.414236134616724617e-14
5.632347906665081221e-13
3.946382376161649710e-13
2.479799081719643047e-14
8.821156783584090337e-13
1.090675125976255852e-12
7.844990001473435840e-14
1.574177199808335641e-13
5.224962360985131051e-15
1.160619721382651535e-12
6.889805094039792406e-13
3.704904879023733840e-13
7.193415756748941403e-12
1.254449846791041757e-12
3.047193364489329475e-13
3.115067113915971572e-12
7.080561909134202053e-13
4.507804162386262077e-12
1.407011924865042918e-12
1.771430074412670159e-13
3.399381958590142137e-12
1.321714899145991080e-13
5.606810372805329343e-14
3.995443885273805127e-14
6.963887682430069675e-14
2.851074252345560007e-13
6.806825496674972655e-13
1.687730784168661722e-12
2.604614498691512068e-12
1.365351651513911305e-11
4.141395227564609748e-13
8.224288709224306968e-12
5.917819467819380833e-13
3.010491075012708616e-11
9.308833491288965846e-12
7.725861419528917543e-12
4.721040706338991032e-12
5.537010705797381001e-12
2.390648618003590189e-12
2.187652793581786916e-11
1.611693466779765474e-11
3.929134841968138465e-13
4.410108448351843630e-13
3.600336656357213869e-12
1.941653982932411359e-11
2.120335278528949877e-13
1.618671412440250151e-12
8.229820118822231520e-13
3.195378361650788762e-12
1.363489222059662957e-12
7.438201159922933812e-14
6.224146059662516083e-12
1.279212958562896199e-12
2.295244837136890923e-12
2.494996812440838359e-12
8.926077960154291987e-13
1.134310527124109898e-14
8.738895953196491184e-13
5.120635920882795288e-12
1.253108613330568606e-12
1.530332251475973435e-12
2.727064633379275525e-12
2.652722072325459332e-12
6.696843027760344817e-13
1.871453255444389222e-12
1.157128957329593223e-12
1.266651308423028316e-12
3.356333441314349992e-12
1.038697125095476558e-11
4.038108462272468046e-13
5.903164038730762124e-13
5.890163890464355043e-12
1.837033073478499518e-13
2.947810023026876316e-12
1.245397212362799586e-11
6.577288006216455158e-12
6.463718371477438153e-12
8.611228725479166911e-13
2.183603075762688660e-12
1.843466156675995615e-12
1.337051647352349053e-11
1.093823378872014966e-11
3.532656410406064338e-13
1.077543937779707612e-11
3.017591174630559793e-12
3.099355851615504295e-13
1.269293720937163144e-12
4.834674984501593557e-12
3.023353249333568989e-12
3.588159317233581786e-12
1.119243958707193371e-12
3.800879757512829658e-12
5.232451369970848475e-12
1.439813834896520406e-12
1.658030141477301816e-13
6.630888569512404972e-14
1.218137046837267265e-12
3.595236152563785861e-13
1.646592278344351049e-12
8.058576596452152262e-14
9.003113737864978836e-14
1.080625911567555882e-12
2.656490248463131103e-13
1.465174416505117199e-14
1.150839460518830756e-13
2.728847029047115472e-13
2.742864956562179178e-14
6.899794833027844072e-14
9.158127399442779946e-13
7.861839991138185241e-13
3.345281146189697639e-13
2.155643109452906206e-12
5.548084347474572970e-13
2.392613778308094288e-13
6.790176477437024119e-14
8.569251247652726166e-15
3.637427045160560333e-13
4.661652382887336516e-14
6.949173907648009789e-16
9.539689618832379796e-14
1.179733072324210178e-14
3.970429628920591606e-13
3.688961964416797041e-15
4.732242060859655828e-15
1.235471710862588722e-13
4.502952117170061729e-13
1.412644885229866300e-15
3.429186539371952815e-14
2.878232915772031997e-14
8.727966991589160386e-14
7.768479823442636085e-14
6.996721394624378724e-14
1.510699167791019223e-13
8.292970192416951151e-14
3.776960073851301504e-15
9.459564723474819643e-15
2.455032311428478356e-14
2.332582608652652448e-13
3.057546458666776793e-14
1.904258816533699736e-13
1.624914519396754440e-12
1.327220370906258397e-12
1.974116376326663610e-13
6.738097153646253849e-13
1.021032535148898035e-12
3.238064352080024536e-12
1.434064717897043766e-14
1.963912817691508175e-12
4.581104374829156951e-12
4.990066350575738582e-12
1.421377163087268070e-12
5.450565920869324915e-12
3.223853915801114325e-12
3.170483609000242148e-12
1.642978853645259626e-12
3.416854619778424979e-12
2.090300482859991209e-13
1.717967951475373787e-12
1.593731899356968050e-12
1.374795966304492272e-12
2.100285380778557224e-12
3.859491541135092281e-12
1.419392449165723198e-13
3.302816009509669840e-14
3.945425465254180030e-13
9.876231375384568101e-13
3.495082105996975620e-13
2.201556495725975709e-12
5.437826617467195877e-12
7.102265040465125186e-13
1.010267209265835586e-12
2.115192412373480975e-13
3.668698041801983387e-13
9.337756995621306778e-14
1.038731901575969750e-13
1.454753633367395629e-13
1.435769541444513225e-13
3.742080233519409670e-12
7.571134479694801161e-15
2.604707732837695429e-14
3.989103357587486117e-15
2.940264858383154215e-13
1.309835080856749899e-14
1.246669517293944122e-13
1.025958927308414675e-13
2.868908375029076591e-14
1.550600133635142633e-13
1.642795143385677731e-13
2.174307515277878666e-13
1.845330535379127874e-13
4.537487050411378377e-15
2.261161488541298420e-14
5.750674523749039361e-15
5.101762940147141884e-14
1.352874121710359581e-13
7.090013865907677572e-13
7.851651319902568874e-12
7.199502881203419004e-12
1.185415574169552309e-11
9.927335119046101372e-12
3.167459980053908249e-13
7.210329294006850516e-14
1.436677640457272818e-12
3.547982769175130826e-13
2.311252370532904142e-14
6.770470279528879977e-13
6.127312887449445775e-13
4.441188020188261147e-13
6.477946339575029605e-13
3.398916668452454608e-12
9.164854234197704449e-13
3.491020379866405746e-12
1.422968142393154763e-11
1.160621981213641705e-12
2.126977379362082020e-12
1.480867182791191485e-12
1.379585458450451672e-12
1.970348793143049249e-12
4.057907341144268489e-14
1.798656114242540485e-13
2.679298707710070882e-13
1.304606351182179172e-12
1.225385685285428914e-12
2.439804191085065861e-13
5.112009768851930232e-13
1.235131182853380600e-13
4.295081015759139869e-13
1.083844616009477722e-12
1.075100526410648526e-12
1.194138682031321125e-15
6.010595280573576849e-14
2.389746628945538997e-13
7.819188640736344902e-13
7.779182784155527406e-13
1.997374868019758386e-13
2.357635017268514869e-12
9.343660360486442864e-13
1.624582805756219112e-11
4.214727007926852464e-12
3.729376192083786355e-13
1.467070454553968127e-13
4.927468470509771349e-12
1.280672094407836053e-11
2.084692339892272381e-12
7.242534837352078259e-12
9.752901553310417867e-13
3.949598456808020939e-13
1.170726275336171645e-12
6.338129570658430203e-13
2.964761109098559324e-13
6.616545631972647900e-12
3.686145576830380524e-12
6.047319672164676022e-12
3.724648003404393425e-12
1.850539311200705160e-12
1.039008790129402128e-12
8.128455751999704941e-12
2.818884099867200903e-12
1.796845356468458943e-14
9.729182673724991840e-13
8.674445030716760339e-12
2.981049627916529677e-12
5.227409984870517466e-13
1.322827144089105588e-14
7.611629860817845448e-14
3.392094570133559994e-13
6.971227089760352114e-13
3.172829650587407309e-13
2.765031155836604012e-12
3.096854566313274235e-12
5.404025521858061262e-12
2.216879117847291080e-13
1.786396506119878297e-14
3.470407360604911010e-14
1.134986067537097375e-13
4.971653812205901047e-13
2.533621610262122210e-12
6.236242789831518906e-13
3.212977016892675899e-13
5.406339106151414705e-13
2.781694796700267614e-14
5.382817443429383520e-13
1.781465963576874626e-12
4.514235643927946313e-14
2.513188664611085843e-13
8.593416841436735846e-13
5.579413229445836083e-13
9.332390464807886424e-15
1.066952240198134610e-12
3.392306084990886426e-12
5.804904497197811985e-13
1.319292366400417381e-12
7.256157898508175980e-13
2.435763157501841243e-13
2.548749216836946594e-13
4.993308082878468976e-13
1.342758888427003894e-12
8.524308639304243410e-14
6.853510298427976484e-14
7.242888956729171736e-14
6.750096226851671192e-13
2.322853390855771861e-12
1.262890096603604423e-12
1.379750155378715012e-12
4.072451561151924180e-13
4.082629462453809592e-13
2.982274483510863577e-13
7.444140474162216525e-15
1.288370917654322960e-12
4.480164387336442679e-14
6.835760117817436470e-12
1.508687975646094852e-12
3.104092228394989579e-12
2.118206643425312222e-12
6.472994233844187122e-12
5.883562699108554530e-12
1.023502971460686102e-11
7.344780265583765151e-12
2.007018839717007014e-12
4.678338803422311302e-12
3.292413349362455105e-13
2.496986516975450457e-12
5.724684287632943282e-13
8.604597321741349422e-12
2.145575500239558209e-13
8.383227257611494300e-12
8.033711594654417811e-13
1.592898191553025232e-12
1.905867769955969870e-13
1.579070874837017910e-12
5.047897908816070297e-13
9.226042983425169153e-15
9.108820268514909362e-13
9.558333853049280287e-14
4.561236161108088144e-13
3.895200231880051855e-13
3.038582435161360512e-14
2.172804882408558669e-13
1.336202159485958308e-13
1.151421673665019967e-13
4.948943090172560231e-14
3.238530265080956674e-13
4.237105188965406350e-13
6.065054543713128706e-14
4.327198541330927991e-14
1.194561960029651103e-14
2.015773169632767780e-13
2.146555318354608568e-14
2.734382977586578044e-14
3.099089197490018091e-14
1.069880862360604390e-13
3.750778201529527881e-14
2.749523535185901769e-14
1.840962210208785841e-14
6.186739517948304795e-14
3.381445032373475249e-15
3.201547214947648189e-14
9.258519610633778827e-16
1.842735950349334333e-14
1.722264994180826555e-14
8.855164251307176885e-14
4.924955483348522343e-14
8.385313379841152559e-15
8.909833554593639620e-15
5.564826280275467442e-13
2.790415779241751912e-13
2.477644489154208045e-13
5.188020364306730275e-14
1.390210575495729502e-12
1.180851282273062974e-12
2.132424408430466103e-13
1.738125819284021822e-12
1.155817131097382787e-14
3.665051699175742278e-13
4.293772693463284306e-14
3.505915386250903791e-12
2.299721458926548912e-12
9.598462042735432329e-13
1.481626466476510545e-14
6.608018719972829234e-13
1.387659961824408206e-13
4.024609107301309266e-14
1.099145686819095203e-12
2.529170063270646525e-13
1.209849509586103075e-12
1.212782169001589980e-12
3.581025891945488926e-13
1.153936506399044003e-12
5.384705839823286802e-13
1.754877860208168753e-12
3.157177357068666162e-14
2.133793303299297342e-12
2.260127537652995522e-13
4.557383346236014819e-12
3.106542053585149591e-12
2.491627693593742773e-13
1.347264637817432285e-12
6.258790465175728389e-14
8.780011803216791095e-14
1.430511013548562204e-13
1.828651730804430487e-13
2.620872202109159185e-15
4.129210411835384907e-15
1.203263937002545805e-14
1.513170894539453941e-14
4.138137100287796974e-13
3.186774267265553407e-13
3.236611365567289066e-14
2.920857672935907892e-15
2.718950873862857375e-14
1.578151734746929615e-14
2.986633649336870025e-15
1.768366419452113379e-17
1.886817500392948003e-15
2.703486196481997850e-15
1.451966933781668829e-12
6.836699976132036175e-13
3.183877058103611362e-13
3.923373262383626268e-13
8.699422108274699747e-14
3.827889737451870524e-16
8.096889161924471485e-14
2.134440513737558661e-13
4.862259361892995196e-13
2.019028869373876879e-13
1.038592820356916613e-12
6.518825410091955290e-14
3.033091707156399543e-13
1.037755168392366615e-12
3.118018765260637513e-12
7.566080225770269472e-13
1.091338220303428282e-12
4.015280848319453256e-12
9.044210468745835783e-13
1.576893020797508381e-12
3.562971414340278975e-13
5.210706038387047661e-13
6.963815620833960185e-14
6.065664130830902144e-12
1.151387827432839621e-13
1.139802782910532045e-14
3.037564096043292816e-14
2.943403754950712067e-14
1.275025120800742081e-14
1.935452290901883912e-14
2.452321500607671334e-14
4.959930864599185570e-14
7.140939850182823857e-14
5.638818685823590654e-14
1.217958142933410943e-14
1.343531140897154825e-13
2.714353428223102692e-13
1.799731559593633154e-13
1.211202235261208064e-13
1.155064120453834272e-13
1.034003757196537952e-12
5.805615708992338900e-14
4.367942923096875149e-13
2.124637458730259130e-12
6.656548384848072510e-13
1.630428688111157024e-12
2.154071568410712238e-13
7.858027499611365225e-12
8.255515218842915660e-13
9.007190718970322590e-13
8.576644723159460933e-13
1.475759225585505056e-13
9.357882605466289886e-14
1.145161302956612992e-12
7.421261187174168088e-13
9.412460997528718992e-12
5.757094766290146395e-12
1.768842601459134332e-14
8.422621213093665874e-12
1.700029474977284317e-12
3.835935757229512389e-13
2.356370427707141848e-13
2.425163493570391074e-15
3.043742591670868653e-14
2.613292204393719755e-14
3.306448892431686735e-13
6.306433706606208690e-15
6.603315234715246391e-14
2.123217081749343972e-15
7.154292186178636176e-13
4.088044710064005210e-13
1.127548721738112403e-15
2.790352684552697902e-16
2.687325655669336368e-16
2.494518625122249543e-14
1.719547183781110643e-13
2.692883556620630951e-15
3.121373591759564957e-14
4.915700025290827556e-14
2.672706372639469128e-13
8.805542484493714837e-15
2.128784000067259749e-13
1.664871865122915487e-14
4.546004395330962757e-14
6.182867125285812555e-13
4.165405212100516074e-14
2.458223307728960657e-12
8.257780718516807152e-12
1.019608777324878792e-12
1.091050550295369107e-12
4.164258586950413367e-13
1.294897202568454231e-12
1.509467971770007202e-12
1.715503961473467220e-12
3.406446170285125139e-12
1.004119391316356706e-12
1.862871087223785026e-12
9.846235811762897926e-13
1.223130434502437925e-12
1.180951430958355876e-13
2.766949488448818921e-13
2.481663149944410727e-13
8.507291037271184582e-13
4.022591827024783418e-13
5.807638706799468192e-13
7.108546355559912108e-14
2.066997694155218797e-12
2.208097933932899499e-13
1.484873253077619548e-13
2.537917515154280055e-14
1.511852459681716361e-12
1.090847296771332314e-12
1.145356348675178152e-12
9.167606680585278794e-14
2.002616838625871973e-12
8.310701125931499036e-12
7.820308202880202904e-13
6.690276121225289338e-13
2.962184942144850879e-14
3.670910918931183938e-13
5.586506344221569414e-14
3.921752975044099093e-12
2.179056755124187953e-12
1.041603385554928529e-14
1.378314323279628982e-15
3.581979420978698027e-13
2.316354597657153642e-12
7.770259505931879150e-13
8.011167389233187174e-14
2.598744994908196490e-13
7.328262701391209052e-15
6.871613228224464869e-15
5.219525170899576030e-14
6.874743971426643034e-14
1.958785198163755807e-13
2.433423842270118290e-13
3.597132158027701482e-12
2.447874886804459591e-12
2.440777072787684642e-14
4.152404495364960035e-14
3.315021901701031227e-13
1.075393308834317144e-14
2.398971117378505227e-13
8.943088423820133309e-15
9.746098079812465571e-15
9.017073204755777956e-15
1.405836961438704065e-14
5.108453788179469681e-15
8.636432509600082055e-14
1.239100497288059561e-13
6.461597351663878283e-14
3.591218226277894744e-16
2.999091316330202302e-17
6.023573754024531971e-15
1.002126986824907271e-13
4.133731288583813380e-14
9.627234976178217818e-14
1.037070072278208300e-14
2.642649367076078248e-13
2.038287258832473395e-13
1.009722485180821373e-13
4.080285665526311150e-13
9.717862832274208352e-14
8.885266772649038720e-13
9.798865142275232744e-13
2.533128727324069552e-12
2.357709339696928375e-12
1.952186825745424401e-12
7.899733046290471030e-13
6.158257354274429299e-12
3.351990092566496386e-12
4.801280143161668796e-13
1.826900227615087986e-13
2.416870729814422491e-13
1.052692053322272786e-12
8.129671266626716788e-13
2.070746420142381644e-12
1.753907975326773690e-12
1.915976889228225113e-13
2.649290994118552464e-13
1.097648646520393770e-12
5.316005079368762956e-13
4.860112179016345597e-13
1.958120547781384523e-13
1.416743004175346576e-14
4.335716970764879085e-13
2.284076562175622953e-12
1.899052364212503199e-12
3.027338155146893714e-13
6.072414798201152593e-14
3.382602795161005176e-13
2.743796620648525563e-13
8.497260298874082439e-13
1.481873487873481356e-12
2.259793100204720870e-13
6.078204873033109076e-14
1.888010038767616495e-12
2.325789268219740584e-12
8.208622954981850437e-13
1.388280776170275239e-13
3.307507065384688413e-12
8.932676739905025355e-14
9.041462284770495462e-13
3.043166486975363765e-12
9.465598669003898772e-14
9.235010925126474901e-14
3.258344232899704024e-15
7.870859936224705410e-13
1.228300424856172527e-12
4.238820200671261152e-14
2.080850996217152915e-15
1.287869167457270001e-14
1.122648290795358380e-16
1.466355643549260561e-15
9.011373336195096391e-15
2.861618521016286067e-16
1.178959669603022801e-16
1.154594902102540713e-15
1.414274273245495114e-14
8.498827618381337814e-16
6.733395024628314209e-15
1.373654139685629503e-16
3.262562207616810011e-14
1.552127794263446412e-14
1.213168252570286431e-14
5.209448871507531809e-16
1.749476014111289575e-13
1.237688186094391851e-13
3.369895152125810414e-14
1.725871233660218361e-13
1.405364238624419979e-14
1.895247413130806499e-13
2.231977198795330937e-13
7.112492708613221755e-13
9.132980707475339718e-14
2.528170037767827559e-14
7.401398307995435283e-13
6.760367851207029959e-13
1.723405933194170393e-13
1.488311588515961620e-12
4.546987645904675414e-14
1.643110023912553493e-14
1.737315640415334076e-15
7.632271054346143445e-15
3.089899406480329286e-14
3.704355545152875683e-14
8.710030869107852643e-15
6.062745016824729412e-15
5.982351869387026215e-15
1.465160000167322297e-14
6.668190883578401482e-15
4.171356660530914880e-14
4.094777817487714919e-15
1.208063182096045758e-14
1.360445283284365887e-15
2.792855117427434301e-14
2.767858293211675645e-14
6.146518433860677206e-15
4.103907230276171454e-14
1.307467112855953055e-13
4.786302862733821451e-13
8.278899214071879891e-14
8.689647490061033974e-14
1.919136129884992844e-14
7.664447133131588387e-13
2.940856811922777152e-14
2.455615426949190606e-13
1.250382368070079674e-13
3.031244496551334321e-14
2.046743707041916021e-13
6.102284118067541946e-13
9.962657893542654413e-13
2.597026710373121354e-13
4.727529067022531974e-15
9.630619725464210662e-16
1.939142423154793510e-14
2.347290155958691593e-14
1.456276173512220134e-15
7.647261398779794770e-15
9.096469254375019636e-15
1.344204796221935161e-12
1.033582114393663942e-12
3.260301318972540999e-14
5.098261767351318864e-15
2.701510590139787300e-14
3.372371852846872467e-14
4.248730376526722118e-14
2.711930913317757141e-14
4.595204195429303861e-15
1.071669878292322762e-15
4.205035607488705200e-14
1.062709708839071586e-14
5.448570324949627268e-13
2.794107831569531385e-13
3.651641414518302177e-14
1.174531673777959999e-13
1.067338391925629587e-12
1.078159928787868516e-12
1.237094790192911192e-12
1.269934650451338985e-13
2.268053020182134428e-13
2.010152913604815967e-12
8.032503013800133321e-13
1.081261874563188911e-11
6.215592382635569264e-12
6.528513395741613987e-13
1.134519047780449197e-12
1.990615900599199770e-12
1.228363660112325716e-12
2.080052316663619197e-12
5.677803752402258357e-13
4.629919103813171369e-13
2.421741824788881315e-13
1.551984877199556657e-12
3.339534169716479253e-13
1.845337737896614156e-14
1.957376966474331576e-13
5.561011020460207082e-14
5.793063820914950311e-14
1.773752125942856000e-13
2.254894506068990601e-13
2.762112624057442555e-14
2.973440507999125700e-13
3.754169420140475428e-14
2.552013726304370301e-13
2.891610236204976929e-14
1.352466819472989755e-13
7.305430703036098688e-14
4.703998551181296507e-14
6.332960456507165796e-14
1.210393730746471309e-13
3.365794466404171894e-14
1.181047384556169391e-14
1.772078332374227270e-15
3.971388141769659922e-15
4.268861557805842558e-13
1.453065393111710810e-13
1.771412059319004216e-14
1.876652263033599935e-14
4.213088269882463185e-15
1.760087786107464800e-14
1.662722610646381750e-14
1.644196289177617291e-14
2.209810836108642078e-14
1.037239400203160208e-16
2.318543559967083746e-15
1.374208914909887884e-14
6.041363193957028296e-15
3.072752101717406064e-14
1.217637861539973270e-14
8.151899439775562817e-14
1.975281327500860825e-14
1.703852901299024725e-14
1.670029933235388101e-14
2.842494105879533108e-14
1.468110895232300390e-13
1.109545797149086907e-13
4.566861340922233792e-16
3.059538214625625251e-13
9.416087995363685760e-14
5.936403242050157860e-14
5.593417100451015132e-13
1.813790690393193674e-13
7.730649364739167435e-13
2.636685803673487740e-13
2.185647798463520556e-15
2.027660375553093913e-12
3.920636301868416047e-12
7.002361540701263027e-13
1.997917149790824889e-13
2.646618568539027410e-12
1.679756775111387119e-12
1.069166680289262474e-11
1.055213741405510079e-12
3.102735446481626406e-12
2.848509936768016583e-14
1.319027013616558902e-12
3.015375724666488671e-13
8.795382839233095301e-13
9.163751811763147107e-13
8.476184705831060109e-12
6.255757234471643930e-13
2.028183458433378086e-12
6.291774572360392726e-14
7.321263163656219222e-13
2.258167096257335896e-12
1.700686313316843266e-12
5.881532001860400107e-12
3.732066790625804901e-12
5.985723315248526051e-12
5.287097802010682907e-13
2.316597627750752763e-13
4.805819131973550106e-13
1.268321593004298397e-12
6.805926932461048060e-13
3.081633840805552629e-13
4.782071845611373769e-13
1.352539712299334633e-12
3.378729962481873982e-13
2.100645171727874619e-12
1.189630508404291477e-12
8.016362609905275254e-12
4.746578676196926306e-13
4.119702866647054190e-12
8.142979971528581957e-13
2.437305269519518830e-12
1.876996060441085587e-12
5.049486618446609691e-12
1.040305779289987032e-13
2.688751370232381178e-12
2.426943836171944917e-12
2.878262568378645548e-12
1.428858995839563904e-12
1.842865922817713238e-12
4.491727271318562838e-14
1.067873259657113155e-12
1.262840151841579284e-12
2.644233100908665481e-13
4.592660620019668366e-14
3.730465356145548406e-14
4.807940853452687623e-15
1.054266808757174424e-12
2.296850279126900516e-13
6.192499125622110723e-14
6.631535965392399858e-14
1.729313387259441869e-14
4.360033170504984764e-15
1.179955462955053256e-16
1.713085672592970872e-14
3.804810894621802953e-15
1.024166635413556276e-14
1.027656548876721283e-15
3.262885715546669600e-15
4.274711474120693852e-16
8.033027772735759269e-15
2.494865771738147939e-15
7.003693909883805625e-15
1.118733595782364558e-14
2.554353539079524690e-15
2.912257773833646394e-15
4.582587727904248809e-15
1.263060637139735844e-14
1.578937206864661371e-14
4.465969341985025874e-16
3.094736462465887485e-14
6.726033941337736833e-14
1.156510126625563689e-14
7.446002048632624328e-15
1.186243829245753334e-13
6.050528446731309963e-14
3.610421757279849513e-14
1.950447272466652078e-14
3.155722384937421849e-14
8.514841355417622217e-14
3.907936201386893249e-15
1.352316363607779378e-12
1.294175285047590077e-13
1.327236612184700218e-13
1.923653981779155994e-13
6.189163658490139540e-14
3.583914595996723669e-13
1.941528698119768955e-12
1.216058258020811911e-13
4.002156819555804844e-13
8.321295326252268368e-14
9.732513319536799612e-13
3.850881310260977578e-13
3.970762540443738079e-13
2.714441699474680441e-16
1.399883555080118492e-13
1.164961430038380568e-13
6.905449081358677769e-14
5.418679749896549383e-14
7.499411987224518878e-15
1.981008402346856490e-14
2.151748997852722678e-15
6.263397144940145351e-14
1.414355502679157877e-14
3.265158904763428296e-14
4.994032642717966543e-15
7.169812495750986893e-15
6.983766781606547646e-15
4.889198333877025886e-15
7.187015458112019797e-16
4.306552421655401333e-16
4.230801165671503790e-14
9.246996088325985423e-14
2.598826995713422161e-13
3.520105873878208114e-15
5.769578698232011650e-14
4.946910165706635293e-15
2.932142523125981613e-14
4.582191867147614187e-13
1.757613382974580653e-14
1.717533980529723449e-15
8.460580707472146094e-16
3.187276360738446465e-17
1.778302756806484000e-15
4.295156992821376719e-16
4.445063226046752852e-14
3.001781314444161544e-14
3.313573242019211952e-13
2.688964842962123446e-14
2.474963877326785216e-14
3.780960499479945064e-14
2.386864894908986793e-14
1.236521345594939957e-12
4.806261907681503753e-13
4.089985054400619129e-13
7.006766246348447837e-12
5.457007831735992994e-12
4.590963465448546118e-13
2.942940605512235396e-13
5.710677526859269617e-13
1.222518504771208820e-11
8.853353323632521748e-12
4.791744763953885300e-12
7.793921896322620216e-12
1.000788013894284133e-11
1.518407510174242532e-12
8.377134135454613006e-13
9.841658323782705716e-13
4.608900184135828366e-13
4.359782550426467834e-12
2.569442195178602673e-13
8.057149760732712383e-13
1.624044494239538233e-12
2.893692591733686516e-13
5.897044884195886292e-14
8.750343563897630787e-13
3.932216507033735936e-15
1.478692182346082752e-13
5.654680274708363097e-14
8.799352697684766607e-14
1.689973322751569873e-14
6.450785740267311853e-15
7.145102078978920555e-14
1.379960833791104177e-13
1.573971343003543234e-13
3.684582870594435609e-14
1.038114747912208500e-13
1.071050413292994967e-13
5.783516482672337231e-14
1.808359019096382003e-13
8.786586585545274544e-14
3.369874969123359349e-15
3.783838286075572601e-14
3.430696382719296798e-15
2.293954283129570393e-14
2.207179920670638808e-13
3.573126521939561542e-13
1.550002148904000469e-14
1.929083126466460090e-15
1.292495907324333442e-15
7.223330946232994724e-14
5.123949105161886219e-14
6.454351377199358284e-14
1.971488456192938503e-13
3.147875015881800970e-13
2.845549168679822986e-13
3.203847651015936208e-16
6.542485825000654452e-13
3.486457586654382297e-13
8.670151495279758281e-13
1.915907222118172595e-13
1.180693847409386534e-12
3.402934800813487870e-13
2.336671985819470721e-13
2.422791737251764746e-13
1.359903636915145867e-13
1.106597618468910193e-13
5.384828935153554750e-12
1.490605664309469068e-12
1.795219221028960970e-14
3.073127798862067656e-15
6.652741363595957609e-16
2.222710985091621684e-13
5.727938292641510075e-13
1.942749156470373716e-14
5.735396916440783284e-16
1.192478553165299566e-13
1.094534502756199228e-13
3.474852907465242316e-16
1.274611329366070760e-15
1.539061370698155663e-15
1.283873913263658097e-13
1.871362285980420114e-13
2.251746746669789852e-13
5.133365842855716067e-14
4.498642193402320785e-14
6.338332898774563650e-14
2.299102882924691587e-13
1.697890743555817519e-14
1.743889642123549053e-13
3.351331294459044194e-12
4.738800046480722109e-12
1.826767627797776452e-13
7.014311463844274986e-13
9.175005954201192255e-14
8.717113676766265173e-12
2.812657373092059401e-12
1.187273685672571020e-11
6.809878777557865969e-12
4.516359106649009675e-12
1.036765311652335393e-11
4.524855325006997809e-12
4.936461128411108259e-12
9.776788419221568964e-12
4.190604220506844933e-12
2.237127267800699296e-13
4.728626069497364720e-12
6.776555670868469809e-13
1.789323266651429217e-12
1.933209916704567080e-12
2.940867480913835222e-12
2.855527334173271961e-12
2.293099384996134831e-12
2.956796032754718692e-12
1.321945137446979315e-12
1.754417841977023405e-13
6.638849940485840540e-14
1.033965316832708315e-13
2.844614146381647605e-14
1.122072037662780399e-13
2.651266495026837706e-14
2.903649103404029078e-14
4.110329231095682375e-14
1.925613132061279715e-14
2.070445600013473302e-15
1.173841360382815524e-13
1.222640073755106326e-14
1.455453246838035636e-14
5.302004796482370314e-15
1.671698034202601378e-14
2.927918708256478454e-15
1.627792194027612310e-14
5.548014924892423728e-14
5.936104903586811958e-15
7.877143865621598073e-15
2.808839065239545929e-14
1.253448528238193926e-13
1.706241525510148173e-13
3.460533022477231596e-15
1.317340629078399850e-13
5.485238899646573913e-14
2.885637439937506229e-13
4.418568673644284061e-13
3.316539108776212329e-13
1.975759629396137991e-13
5.109001699848777321e-13
5.216915628251474774e-13
2.856655218128612002e-12
5.083718254835994796e-13
2.172382357416627612e-12
1.958605752834934249e-13
2.010513619084113872e-12
5.413479389993344632e-13
3.799270086063029026e-13
1.358088471236866254e-12
2.911021129062366881e-12
3.932709094758182607e-13
5.449943341392335311e-14
7.435987688379130606e-13
4.335126172154332833e-12
3.745617572654358284e-12
6.116209401544299659e-13
3.319425380769726321e-15
4.674891124568548902e-13
7.133682868714543509e-13
5.638950462432882839e-13
2.902674641084540475e-13
5.907050380882277400e-12
2.008626199191287086e-12
8.541468201329490811e-14
2.215173314524138371e-14
2.303774730149383491e-14
1.529416028768025113e-14
1.882045469897116547e-13
7.782469339295948687e-16
3.240512935526580567e-15
5.822026572448817647e-14
1.197005215208220638e-14
6.688939068065010532e-14
3.077383179070358724e-15
1.737399262095308602e-14
7.926145134775321086e-15
1.445039805213977282e-14
1.440318071148649532e-14
3.166985181837442011e-14
9.488560409264686607e-15
1.684126601899032741e-14
6.463958222185609886e-15
4.506111291263994130e-14
1.639675564573280230e-14
1.517791303334044033e-13
5.225078325414506096e-14
1.211716893174421705e-14
3.673815074401165893e-14
3.458410895738763466e-14
6.815782744095694179e-14
1.925778567538261024e-14
6.490301237898037861e-15
6.692578131229253470e-15
8.807674609582735886e-14
3.019527228968915494e-14
5.921798837023650047e-14
3.140534981869415619e-16
2.538316577036443968e-17
1.275668311417110255e-13
8.590907286606028484e-14
1.595381661378820984e-15
3.586141763869504145e-13
2.440040501804869115e-14
6.945285176927287946e-15
2.288140726062393700e-15
1.093490321977294341e-14
6.206359995714708905e-15
1.837803974547400411e-13
4.743702178636769150e-12
5.048354589051063829e-13
1.338691284085674656e-12
8.543293185051753054e-13
1.263128681820925892e-11
5.683274888467688095e-13
1.898947976961991072e-13
4.827160332686995680e-14
9.375333554395434542e-14
1.937718969047007476e-12
2.386128631238288073e-12
1.600715069948479745e-12
2.340677146028722731e-11
4.730361239324952643e-12
4.038708038422606824e-12
1.697377648101480867e-11
2.456602341086546073e-12
2.671884109523591375e-12
4.220624763183047487e-13
1.215654101362642047e-12
3.780799998628473359e-12
6.072976531057001007e-13
1.247452237732772613e-13
5.813432495337784924e-13
1.388088387365674101e-12
1.284796475269850230e-12
3.506963952883531815e-13
1.498439169037322225e-12
1.225578828788464226e-12
2.879196293234427241e-13
2.565538759451908594e-12
2.657660509467805382e-13
2.081562874000562167e-12
3.411327654412698397e-13
7.531319191669282505e-13
2.267249926871854003e-12
3.342909267529213411e-13
7.835748233211058024e-13
1.997717732145377723e-13
4.787411590660893402e-13
1.744808989943440068e-13
1.230802751422825312e-12
8.446617318814429895e-13
1.228099789586647374e-12
4.135751072673303644e-13
1.462251021307305692e-13
3.296309128933164060e-13
9.191397677046597169e-13
4.902603386667463987e-13
2.850325168021983970e-14
1.907964263035942272e-12
1.504933902082504498e-13
7.623296101145111006e-13
8.578727050115906717e-13
1.512553711076516046e-12
2.762730219291888733e-12
2.178552336654493962e-13
5.893881954379941578e-13
1.351548164614122670e-13
1.406256698488181898e-13
3.214167134763051395e-13
1.697609409865603361e-13
9.077895557716402083e-14
1.133451243052604417e-13
2.708558452303843682e-15
5.065910494671657139e-18
2.362940884765110683e-15
1.077734917915046705e-15
1.636108398666891933e-13
1.137066764306299743e-13
1.358573410945015806e-15
1.023935324288283265e-14
3.248336211753117279e-15
4.089559394942538825e-15
4.829790757152182744e-15
9.184078961041678800e-14
4.548945334925286296e-13
4.099157743687915899e-13
3.311238839848064018e-13
8.001557224171817420e-12
8.132214978546506366e-13
1.255432433970924780e-11
5.270199884801507667e-12
5.866986991759273439e-12
1.749570978613742417e-12
6.064788450713591472e-12
7.424586070220341129e-13
4.115812613449518022e-12
5.023177082500146312e-12
2.331375150104866686e-12
5.084574083783650728e-12
2.864823182224218755e-12
3.283024003685927883e-12
8.118751235993516719e-13
4.912990688781512031e-13
4.727036530070323354e-13
5.334642129344263332e-14
3.737660978295422313e-14
9.926470416235325095e-14
1.417462579336843957e-13
4.853965708191173744e-14
3.581449444367208643e-13
1.011354185918331534e-13
2.660344199940426593e-15
7.486064314067256405e-15
4.297762633432136116e-14
6.324349578192810764e-15
6.877161628167347941e-15
2.330403145877364224e-14
7.932389806659257229e-14
1.474778532708502499e-13
1.163433314794560260e-13
2.057944339797555285e-13
1.602857400002698153e-15
3.207596927663534473e-14
2.524012642474162538e-13
2.344323268096128084e-13
4.446314645014324507e-14
3.562299171301347321e-13
1.761157827040981674e-13
9.776325347226106561e-14
2.219151959657850796e-13
1.887025374729505219e-13
7.055256731977257912e-14
9.923384622830571032e-14
2.333216325365693224e-13
2.921191601111442069e-12
1.580664160537828109e-13
1.782129937329631328e-14
3.638261461262320046e-15
2.252016045203274645e-15
3.732356988166519070e-14
8.025534322565365492e-15
2.633006546903735849e-14
2.758309065136528372e-15
7.237321814410012013e-16
2.130086639676905530e-15
2.223735098409491598e-14
1.697643571654941885e-15
3.094807142021248772e-14
8.614608270517489528e-14
1.936551951529183126e-14
2.324019101726921055e-14
3.155382509589573135e-14
1.983736920330749143e-13
4.595031921712050477e-14
6.204080911234321450e-15
5.651191442052883625e-14
6.157849597643643376e-13
1.643586486932170458e-12
1.970237476298440816e-13
2.612772037297869462e-14
1.717728892764505237e-13
3.553647529800316295e-13
2.171924703814691055e-13
5.228287562370471247e-13
5.921719267870240424e-13
3.075213721652794779e-13
5.957042769043131738e-13
3.262562254870718106e-13
8.077029405751635674e-15
2.042479467995366889e-15
6.068324103559035543e-13
3.999318123169485676e-14
1.160750282861540284e-14
3.527229865835026969e-15
1.739085475142420698e-13
5.556849311195078208e-14
8.649703453051745771e-15
2.619264290673406567e-13
1.588974438663249374e-11
6.019247301600871438e-12
1.200435608306588269e-12
2.874707625321870616e-13
1.280058676137316618e-11
1.591686607297407470e-12
9.732014194246606490e-13
1.698955622545033522e-12
1.105353803647866378e-13
1.388821254151929534e-12
8.834465600136842959e-12
1.740716239964246540e-11
9.755155563027588426e-14
1.563476001108615772e-13
7.827316495221425072e-12
2.170319699059517670e-12
5.798841014179307442e-13
4.815728101862079517e-13
1.636167336277273965e-14
1.199269759016660916e-13
6.941889779031383451e-14
2.393833557297276710e-14
1.768489577317346816e-14
2.054846585513307173e-12
1.449548130894273310e-12
2.143902397103876698e-13
1.559065916837189269e-13
2.429560327248151344e-15
8.485772540693674118e-14
1.398024534465526579e-15
1.016751666033441372e-14
1.442914806049126282e-12
4.114131625710247131e-13
3.558198855976297700e-13
2.772995206379808445e-13
2.749068639138055636e-14
9.096768200983716205e-14
5.289943106059645214e-13
3.535426772046181924e-13
1.960403595436427246e-14
8.069436520973319724e-14
4.021526573047471943e-13
3.088553205562506696e-14
1.414793125529747749e-13
7.052270674062302408e-14
2.424845593552523496e-14
1.892449564437929638e-14
1.259424142633989667e-14
1.117327582404420031e-15
1.104077257898829424e-15
1.116521697837730303e-14
3.704631436177193136e-14
8.332573008911560527e-14
3.748814708188317272e-13
1.699861249119728484e-14
2.892544575258048774e-14
4.500310144912779049e-14
2.501817650467216685e-12
2.437751502990163246e-12
2.845681329456773213e-12
8.485609807127038154e-13
2.513249190516536201e-12
3.568263986060008875e-12
2.812988132969564347e-12
1.736586851751341815e-13
1.296934609539103610e-12
4.170019273250343390e-12
5.349298173576237982e-12
2.418997065829227091e-12
5.166047974249048268e-12
5.200813372537971890e-12
5.906892284168763782e-14
2.677189081671979950e-12
3.227980829479978811e-13
1.124155231275908769e-12
1.635838338172150562e-12
1.488212205072652274e-13
8.549560540545234811e-13
9.165522531968380466e-13
9.409162241310669969e-13
9.496158122668847642e-14
1.123207082144783592e-12
5.193618521222049320e-14
2.254015601495978662e-13
9.230859064648696226e-15
8.841227176201739007e-13
1.476538569275494019e-12
4.046234407893886803e-13
2.416118342699218252e-13
5.867191133087601331e-13
2.824408761098216558e-14
3.395084607106960445e-14
3.065486301463415468e-13
2.131552044508782430e-14
5.914458602792150024e-15
2.181545605129906579e-14
7.558358459046531925e-16
3.454527655845457116e-14
2.208029584615027019e-13
7.813223814133344476e-15
3.826456165514734580e-14
4.159798916703735543e-14
1.516767340492369978e-13
1.569318170710552271e-13
1.262908962803399362e-13
1.815745569625765235e-13
1.654089643061812861e-13
1.549564333160499831e-12
2.520910819858939389e-14
9.475593909884469295e-13
2.346326538972442863e-13
4.797489408291834882e-14
9.620386033190754182e-14
1.341413509180101771e-12
1.192185852785369901e-11
8.079024068814704282e-15
3.201391174265389526e-12
5.090914209686136102e-12
6.021500304035803618e-12
3.057213918560000790e-13
9.041551908541408507e-14
2.245155686240247732e-13
3.139195305789453572e-13
9.503146962098445632e-12
2.593556828497553458e-11
3.454883634756214520e-11
1.934613980888754282e-11
6.041690884294726002e-12
1.865477728123104558e-12
1.274108097603118305e-11
1.600083009811845233e-11
3.514303063204189024e-12
7.144284711562398674e-13
8.466956184839043296e-13
2.417136551183014856e-12
2.457652685821613147e-14
3.160110762182574626e-18
2.817224748988083058e-13
4.271199661923311879e-14
2.085383506337999769e-13
2.745356926971829518e-13
3.089815285475731331e-14
2.044536545044731686e-15
3.735193493340863819e-15
6.997630547639123681e-16
4.128039531925038657e-14
8.995277824353139837e-14
1.114704424418769775e-13
4.158513005598901989e-14
4.638555957709850861e-13
8.298173153193610627e-13
8.616530925361020067e-15
9.064719639633073389e-14
6.349810516979679279e-13
7.536278588295220125e-13
3.619808378691143206e-14
9.571442360839595263e-15
1.214419516506811452e-13
1.063246643080525829e-13
4.721906777275313278e-14
1.319543727144490031e-15
8.540770223459310573e-15
2.744038769821473578e-14
3.424163186570135718e-14
5.714345898034546156e-15
3.275705666739680205e-13
7.870388892081939498e-15
4.791563986180063607e-13
6.568488515829931842e-13
3.858865402598209206e-14
1.398739624553019809e-14
1.372879116624097067e-14
1.919329163937372154e-13
1.040267131961503473e-14
9.350163138462603073e-14
2.435193560922477597e-12
7.072143452079932288e-13
4.098637477779368206e-12
7.368980095433404254e-13
2.228522884077166541e-12
3.598326175158730113e-12
4.839681943248745860e-12
6.244366002387110862e-12
7.164180940861215915e-13
2.248405826336197312e-12
4.032044651589791571e-12
1.178065578445756468e-12
3.717797707377221255e-12
1.235262378765787082e-12
3.145742682616520160e-12
2.046583741130769234e-12
7.582528634414361885e-12
1.066539082072745919e-12
1.204933894192398792e-11
8.391426429686980315e-13
1.240754291522855574e-11
1.011225493049332530e-12
1.251720789177889013e-13
1.206108593542332373e-13
2.907519688057297121e-12
8.332985171561051998e-13
3.907827258532524880e-13
6.183351844454130586e-14
6.836934488294406151e-14
1.904679838961384770e-13
7.251777850908623970e-13
3.623313362534764769e-13
3.758314246600001821e-13
1.742431946375373308e-12
8.613734763894819338e-14
1.132344402503205968e-12
3.417530647620877350e-13
4.663770253046691657e-14
1.288999831262506830e-13
3.183646960311483748e-14
2.634486741559064578e-13
6.863542703997271296e-14
1.027835318454980374e-12
4.273647311928147418e-13
1.490082995236775927e-12
2.789257559853866465e-13
7.146149926163190582e-13
8.733369038971261711e-13
2.705398949420467047e-12
3.271458623056619012e-12
1.982317452920734526e-13
3.631546561091948609e-12
1.061711022865132337e-11
3.618975727065072202e-13
1.088631842461691269e-12
4.757069743273704615e-13
1.073592673103990764e-12
5.063973623075605858e-12
6.356968774034756383e-12
1.399609168638628992e-11
5.859023624528575594e-12
5.399184388469771657e-12
1.266563658098436555e-12
3.303184668823800561e-12
8.235891279725859430e-13
4.025982695416491878e-14
6.611784469922761041e-13
8.340007381077971412e-15
1.882069757096871224e-13
9.166116901744714502e-13
1.259392351707900109e-13
2.795900569112956651e-13
3.536481813317824069e-14
5.056403673023060350e-16
5.083979891114741359e-13
8.173169607040699821e-13
5.810684746450771102e-13
6.016091152023980423e-13
9.295843363237609506e-14
1.464682521602521503e-13
5.984248309723306051e-13
1.633047699915112689e-12
1.533008891278307079e-16
3.761148510659609907e-12
3.490978403604861611e-12
3.449006900871607381e-14
2.941328602929819757e-13
4.403170771990468486e-13
1.730776964988535599e-12
4.701773525310899633e-12
9.719706972852172085e-13
1.098713950578307542e-11
6.096865543184225125e-12
5.782447699378953916e-12
5.144108227781711631e-13
3.249942799785457485e-12
9.136158681429719492e-13
1.679698535034761219e-11
5.890855344410295653e-13
1.329827861640989673e-12
1.199304370297941700e-11
1.237280001153170911e-12
8.867581585052192604e-12
4.308182255740542183e-12
1.377804787352551605e-12
1.786036512777550778e-11
2.863181524146182794e-12
2.354179030593313931e-12
3.342429735464019803e-13
1.281074215367940683e-11
2.965010587048866216e-13
2.177398668121417941e-13
2.690521304344832077e-12
1.360582738878934728e-12
3.983431084726431643e-13
3.671312818803638347e-13
5.614702993676332182e-15
3.523538980072179517e-14
2.904396408416558053e-13
1.060389377965634479e-13
8.481277257895877592e-14
2.763705194541547623e-12
5.473577038382793862e-13
2.152175001802117387e-13
1.186550872698968852e-12
1.397130770589975440e-13
1.440181921939755385e-12
5.171767901574599975e-12
6.913190564690351312e-13
9.189886883383638628e-13
1.666804248128304295e-12
1.805084111432761183e-13
3.954596389692188709e-14
4.471744390168417807e-12
1.392298510245594551e-12
7.340231205665246926e-12
3.947728394456635056e-12
2.608746455443647477e-12
2.526405359354890265e-13
2.478212276730097425e-12
6.438579819129639866e-12
7.076834615669491034e-13
4.116726254801080701e-13
4.858304541530743489e-12
5.491296391247416731e-12
1.097856964489249126e-11
1.674216386704825586e-11
5.438719342706862540e-12
1.144172927826385310e-12
1.044034270422009077e-12
6.001489015820014942e-13
6.190293564809968208e-13
1.130783243681806439e-11
2.347010426196035266e-12
1.219466500073262203e-11
1.761669091266934287e-11
6.639169294511912173e-12
2.567572900276098380e-12
2.500868351944626780e-12
1.234915617016999918e-12
1.978906237019044502e-12
1.042985036702926646e-11
1.549213473247717035e-12
1.215188469909293386e-11
1.081930172978612149e-11
3.732670559985602380e-12
1.615241140979171802e-11
3.060768613994054288e-12
2.273218280347575990e-13
4.380765238185722832e-12
9.866992596295005966e-12
2.997856291727992124e-12
4.110080450794895980e-12
2.527591813280394797e-12
1.509181397386085119e-13
1.948298829601908081e-12
1.240197086421056468e-11
9.672874386402817082e-12
1.651352655327521017e-11
3.975603753430706435e-12
8.077558499447965092e-13
4.221023565292607952e-12
1.777065406737680318e-12
7.905448785784572117e-13
2.461387823261241950e-12
8.595663166446940717e-12
8.623591865612378810e-12
1.552615819407007701e-12
1.586512112052028162e-13
1.224966911845109007e-11
3.838935259209677764e-12
1.291216062394323935e-11
8.116550360756175628e-13
5.086547799001740335e-12
1.752697149025361483e-12
