3.570767883080054639e-12
7.069835221692246664e-13
6.871554003958075815e-13
2.329589957421614977e-14
2.011693567364508092e-13
6.835047224762759567e-13
4.411902848877365777e-14
3.740866675566508246e-13
3.574837610536705676e-13
1.007986752717512446e-12
2.355621153445145729e-12
6.066354344001289007e-12
1.890569695829184422e-13
1.573718766933163245e-13
8.098883142684545243e-13
2.033279432221988788e-12
1.201219790754832606e-12
4.948665316978465167e-13
7.456248415793562742e-14
1.490678518803909637e-15
1.007003180029199550e-13
2.132245877988140896e-14
2.223670300063366560e-14
3.490424641871108074e-14
1.331035684404672867e-13
1.126285911172634573e-13
1.600757195717104495e-13
2.508462188769428655e-13
3.366008308029406099e-13
9.369246793683479668e-13
1.040716012608107773e-12
3.246000294314281313e-14
1.484828401164852289e-13
6.128194664493835288e-13
2.124758295992503150e-12
2.316543046471893728e-13
1.166215855669049289e-12
1.809453346403756884e-11
2.593051800406156153e-12
1.474973085601802217e-11
5.062215923027092129e-12
1.035634109040537264e-12
6.260974493025691794e-13
1.121230935623213443e-13
4.078995830835622705e-13
9.239282814697446136e-14
4.998009132906315484e-14
2.619414986327461278e-13
1.498557920452595627e-12
8.891474529483134808e-13
3.201553957435541958e-12
1.193980242218127974e-11
1.168749139157671795e-11
2.251480766656496680e-11
1.945056590235365362e-12
1.216769601321814470e-12
4.187677364122777584e-12
2.472150387465148498e-12
2.356171670974345617e-12
1.313275368608485822e-11
8.771708250849534876e-13
1.803362131277670282e-12
7.066829703711826705e-12
6.064701048727587805e-12
4.632529349066139423e-13
1.067840525763394932e-12
1.903108771848288341e-13
4.732287756249126059e-14
1.680627058424548825e-13
3.437821405269991020e-14
1.106414171199414031e-13
1.376758641116266075e-13
4.026520723512507425e-13
2.563175683801513404e-14
3.664193347585796516e-13
4.797243465743341702e-13
1.643249800438704736e-13
1.677435568334193700e-13
1.464965716002883879e-13
1.338368839015845345e-13
6.438675185248891939e-15
1.109971018008607718e-13
1.549010324925021059e-14
2.368848840912860253e-13
5.984424027180432909e-14
4.115639764498941206e-13
1.529644870132488674e-13
3.602305430394545617e-15
1.654780077200037781e-13
1.457386192889211729e-13
1.276330387496566672e-13
2.517005419799617465e-14
2.761131375718546469e-12
1.394333981701135595e-12
7.680473764468274288e-12
3.201657034232119004e-12
1.671905601739743971e-11
1.418181343452433255e-11
6.772847389089108540e-13
1.468756753976986921e-11
1.586982820656769634e-12
1.190354391578715014e-11
1.561040448322998177e-12
3.297800454609943592e-12
1.386654912501911282e-11
3.993363920591637562e-12
3.343857240199007976e-11
9.394998473719316185e-12
7.154235183883775809e-11
7.944155614945654639e-12
7.169087259515885088e-12
3.590759048803592090e-12
1.736734636344769354e-11
1.263474945446361132e-11
1.565897224991561622e-12
1.595627362387525479e-12
5.095510952036491716e-13
1.510734286205933706e-12
3.300638317871017402e-13
1.184719623250117398e-13
3.089843796858637293e-13
3.965779172606068039e-13
3.976330165206782805e-14
5.458395964138299904e-14
3.049137670852103201e-15
4.879702133704673277e-14
1.248970226990764440e-12
1.085850050888666518e-12
6.565715348225331614e-13
1.882069585650776945e-13
1.212968765184408310e-13
5.107966660128600599e-14
1.772107036143711890e-12
3.411385045277825950e-13
8.719708189904195982e-13
1.251049034263119817e-11
5.288378288481234874e-12
6.459466625030320745e-12
6.785733517079531591e-12
2.833671523844376474e-11
2.971345008022157319e-11
1.166015437569313439e-12
7.984036235988434286e-12
3.874396859137543704e-11
4.206847237287604993e-11
4.520784484665163400e-12
4.091028098607390852e-12
8.018270311551763142e-12
1.243349569422497012e-11
2.580759836911449997e-12
7.653501565225740000e-12
6.216312555595481078e-13
1.701462088608363916e-11
2.591178436411525208e-13
2.619645080650921043e-13
5.948214857029869085e-13
1.337270971455356110e-13
1.135686356941480833e-13
2.261852692177195068e-13
5.222851731952243114e-13
3.600101848351441091e-13
6.416638203186217104e-13
1.291995677710245236e-13
5.114668634581141017e-13
7.214025022552305585e-13
2.623652769276564898e-13
1.077446899680225875e-12
8.505256171732325038e-14
3.423589680799501074e-13
1.974533591974301641e-12
3.887937210427952448e-13
2.323343131923372440e-13
1.049293379812431987e-12
7.028298772749858658e-14
8.974447815622497198e-14
5.330394876830632138e-13
4.182420015908874688e-13
2.035611629077050228e-12
2.559138858526216349e-13
3.606293760131819192e-12
7.796395212265235442e-13
9.162772911793817178e-14
2.265404544508520752e-13
3.351498946988396046e-13
6.076018502008244617e-13
3.542338290729707770e-13
4.384591127209889993e-12
6.210859650867663038e-12
6.208376187537093545e-12
4.806698775975370954e-12
4.370918340157178746e-12
3.381725834671615829e-12
9.470746821402531329e-12
4.263928231897236898e-13
3.352481945857323531e-11
2.921683518469798160e-13
3.061764213531998448e-11
1.301952335847658842e-11
3.404350028808186002e-13
2.795198152509061534e-12
1.214067634978389728e-12
2.062376794191848399e-13
5.075714706311391381e-13
7.777054844430902158e-12
1.666685602103590095e-11
1.699470019303641504e-13
2.611488475564642456e-14
4.964931321619591941e-14
1.113177705447935908e-12
8.599920502955317065e-13
8.677443492452074685e-13
1.388170614269342038e-12
1.753083865943707023e-12
6.098546059925738908e-14
1.470264417901043357e-13
6.161100167524691580e-14
6.081610975413181493e-13
1.594909187005061451e-13
8.434629492850888690e-14
4.103088741999748852e-13
1.740181255049800797e-12
7.529887932651483221e-12
8.577378297018056683e-13
3.565628555043231333e-12
6.019949930771715700e-13
4.735087901230147394e-13
5.037290988417563828e-12
3.236928124916832553e-12
1.439464997937968047e-12
4.117965179499088780e-12
1.304772309338132628e-12
3.136549403713928724e-12
3.196429500038179107e-13
1.144613172054047464e-12
4.778837757875859420e-13
1.892955205314103087e-14
1.111200803931097185e-13
9.508519568144152868e-14
4.970285064201889396e-14
2.842991255732773847e-14
2.933841466462046685e-13
1.213380034663003595e-12
1.100397845665433218e-13
5.918791760969372427e-13
1.035135711245933525e-12
2.318095348746141315e-14
6.752351358065190275e-13
6.073565533253598439e-13
9.923231101445213519e-13
8.798850321605463216e-12
1.920054261018624657e-12
8.506073397141244283e-13
3.702858027407952861e-13
9.240195400366014211e-14
2.502212368545459742e-14
2.766017056464873067e-13
3.195478437836132130e-12
1.285332743141474672e-12
1.543158186163006472e-11
3.298833391269403816e-13
8.751115788053541316e-13
1.721851871879437108e-13
6.307520849405161873e-13
3.470994234951822421e-13
8.643072720582379944e-12
7.303415056692009461e-12
1.567837849446713744e-13
1.896264094607187377e-11
1.603073621984041191e-11
8.457971914938393595e-12
3.467660169292998114e-12
6.193813959019464155e-14
1.874707652865294322e-12
3.875903448562825431e-13
8.437711234374985264e-13
1.565951387065839836e-12
3.764867228145083169e-12
4.383463363128020630e-12
6.469466918168498428e-12
1.349011646105463300e-12
8.614442483519151719e-13
1.864865412186960289e-13
1.922730339322947763e-12
5.262641380703156743e-13
1.422457804527540288e-12
4.481281289604730778e-13
3.177572564366999578e-13
2.300743847996155256e-14
8.280851264919759650e-15
1.222597527365115405e-12
1.038413274156824491e-15
2.453741193629408826e-13
1.217115421128642618e-12
1.271283779437063620e-12
1.448006133737462151e-12
5.324936839544944681e-13
2.129963710339682541e-13
7.746858299748553653e-13
6.206709740595906120e-14
8.548674510638575782e-13
1.283859487743560566e-13
1.255655431191653991e-12
1.655931425167204592e-12
1.685404290254301937e-12
1.966881113178929523e-12
4.018700071072931238e-12
1.153299162094519804e-12
3.689005956397503245e-12
2.096241040493871332e-12
5.625683975990448404e-12
8.563495670948122352e-13
8.387156159688930676e-12
3.470611553216219159e-12
8.616667220038175969e-12
6.227354099538557679e-12
6.775028785131661512e-13
1.864076078253809397e-11
1.126079119170821998e-11
9.185591149203653371e-12
1.450993690698166054e-11
1.701670465429776009e-12
7.532359580810559074e-12
4.321369385608829166e-11
3.030036499046579308e-12
5.531317547608709405e-12
1.501872998460543912e-11
1.259478148347945453e-11
4.500681603671227768e-12
1.072224055764079826e-12
5.738273376541297059e-13
1.610426383881905912e-12
8.468145496418026278e-13
5.251211927895677756e-14
5.614372909068237566e-13
9.878795194602413382e-13
1.100133332391320810e-12
5.091266803595684824e-14
3.231713922328975402e-14
5.279296818619417091e-15
4.772290984204788042e-14
3.830798713676026929e-13
2.359316797280568431e-14
7.742256603901604006e-16
8.939366880118620105e-14
4.653734055305405024e-14
8.525025401918787839e-15
1.313668756875731188e-14
5.901578628664757814e-14
3.988976561126413751e-14
1.198982472700277976e-12
1.023790725220145797e-12
3.170197900790214425e-13
2.694963362312245129e-13
1.213877653914210453e-14
4.339675576778365427e-13
1.084810379605639176e-12
1.690355364611917895e-13
8.519581770523264748e-13
4.511629948558361521e-13
3.585792994460370051e-13
9.251926266062620856e-13
3.005688285580992587e-13
4.165602828738257245e-13
1.201130177512949308e-13
1.363103237128179961e-13
2.435116663707768735e-13
4.485133919354490843e-13
4.960269876375789934e-13
4.544683566994025431e-12
1.862722787128677853e-12
3.196811657333437707e-13
4.103344442236779499e-13
6.148117716503446276e-14
9.498057309327993869e-13
5.821879013364532023e-15
4.724622317933928005e-13
1.568916125845666694e-13
3.782340591540315187e-13
4.077603372792711189e-12
3.420916012674910883e-13
2.017014731701697625e-13
4.786085848845450829e-13
2.256820652502934021e-13
1.057677201850159346e-13
1.321458891804833468e-15
1.257304247240482081e-15
5.775549282019300337e-13
2.321268070277499224e-13
1.768259139988867338e-14
1.194614170541331596e-14
1.877341595900287927e-13
1.030647146288987494e-12
2.123712516643992945e-13
1.281476404358822129e-13
4.639366985928491060e-13
8.426699019707860073e-13
5.523971424209100984e-13
2.677246517153261858e-12
1.030119663929671449e-11
3.619170198159173293e-12
1.539092454971653011e-12
2.623902589883272656e-11
1.184002167508557243e-12
6.177240130763584999e-13
8.793236182703538714e-12
1.609600251525543102e-11
7.405069398601829118e-14
2.143811382820599313e-13
2.775365227529070985e-12
2.458945348118682589e-12
7.242570624719873047e-11
7.604695106876903284e-11
8.808219097728732371e-13
1.181053120796416163e-11
2.596213166457703508e-12
3.582902975607978832e-11
8.852607714303818860e-12
2.359637907539899342e-12
6.633958892107089960e-13
4.959691887387431667e-12
5.978877119887564959e-14
2.107235844279939428e-13
2.411116714487711023e-12
2.280630057405504248e-12
2.890757452401520227e-13
7.204968031928164731e-13
1.823634327220885683e-13
9.704238645903102345e-12
2.507245194773941856e-12
1.496883326645211870e-14
6.101998946054043940e-14
6.511073512008964354e-13
4.984262890313927948e-12
3.520844612423893257e-14
3.101240364335227521e-14
2.486037989221075774e-14
3.648585007082826031e-13
2.339199853907815969e-12
5.589399513409054241e-12
2.943351287600187415e-13
1.520657739969416868e-13
2.169686120321536735e-12
3.042912650367463295e-13
6.236647996669756256e-13
1.340965458625689874e-12
5.966148452090632246e-12
9.780514562637378324e-13
4.407723844475905131e-13
6.893668073714037623e-13
9.509654407342139219e-13
1.563851765237656124e-13
3.107304110066443371e-12
2.832976792332716067e-13
1.004365863327545377e-11
4.577533182602501091e-12
2.076798471462392195e-12
1.042396415141226500e-12
1.446788485403202688e-13
1.466976241662843710e-12
2.752650408844085678e-12
1.561361183227584673e-12
3.027259437128192761e-13
2.528432087617186163e-12
7.513278318850187919e-13
4.337350525995107356e-12
1.545132444719176684e-12
3.112750689906546215e-13
8.474971853620855341e-13
1.532787026886096322e-13
7.242257540865453664e-13
1.166075697506883199e-15
4.013253356242711287e-13
1.268113691327109678e-12
7.388406543801681060e-13
1.389694679670920273e-12
1.071322973675588140e-12
7.457369063727776977e-13
8.959010915510291480e-15
6.446539499576559084e-13
3.396107659184220180e-13
6.221586378546171023e-13
6.753133182329481748e-13
1.120220268631681694e-13
1.434139589427667627e-12
8.849921554825775131e-13
1.154780510889035612e-12
2.772340010679109795e-13
5.196666707369048749e-14
6.533423249958891892e-13
1.365304325359477549e-13
2.302715368975663049e-13
6.263732186117226302e-13
1.228434632280997224e-13
8.155797604144321151e-14
3.080173573456776993e-14
4.176444531482344239e-14
3.459909633638140742e-13
8.528446114044777518e-14
9.891284980470729355e-14
2.104842952463244803e-14
2.281431296225873124e-15
6.751838375395948606e-13
1.441477975117021697e-12
5.086341987404809253e-13
2.435912985297202744e-14
3.207875790947819477e-15
2.217899853180164664e-14
1.212259883051019084e-13
2.949660748936916507e-13
2.276071147301581212e-12
3.028431921504785230e-12
2.372012247981976062e-13
6.399162611001807144e-13
5.478101673525003289e-13
9.397607431643123555e-13
2.470921736762359700e-13
5.788685180841597839e-13
7.233199508250710224e-13
2.738132596982462546e-13
3.212150446454398606e-13
3.571533962253446353e-13
5.758192492526983929e-13
2.695434694445492530e-13
2.893058069049525906e-12
3.113163541659115775e-13
6.920120386683631930e-13
5.106307853674810405e-14
1.026261489382411016e-15
3.258385281144355359e-13
2.782372544518663281e-13
8.345295843791980948e-14
3.233608348462516960e-13
2.181657330162884042e-14
5.947712745003668834e-13
1.251313114909424377e-14
1.042449402782816852e-12
9.427273598252151649e-14
3.025949640856143108e-15
8.472875996537055071e-14
2.278241910627142820e-13
2.491502954352199393e-14
1.375085950386921946e-13
2.987134948214512720e-13
1.156147966627497326e-13
1.872494151313033055e-13
2.032890546270036402e-14
1.980276505350986682e-14
6.221503322044748624e-14
8.724650268124473961e-15
1.454200926374437462e-13
3.564082070798994993e-14
4.544889534968997436e-14
2.784250548776802191e-14
8.820463111276041981e-14
8.650092298757166850e-14
1.472871050645018431e-13
2.536357841686558242e-15
1.871618647818660439e-13
5.864949983108925611e-13
1.167851852737637212e-12
1.594940909215180958e-12
4.750571025558576739e-13
1.827832641027183461e-13
1.866601088070220636e-12
6.291855006625177456e-13
7.516588739019591432e-13
2.789985391327270546e-14
2.145312207903097569e-12
1.452045820956738561e-13
2.409799218233904572e-12
4.076389668633105704e-14
5.007516645585330747e-13
9.712821271793871509e-13
1.289848272427471340e-12
1.799033730329505440e-13
3.636184226496866700e-13
5.510425972573507352e-13
2.037679286927769387e-12
3.387886781685177657e-13
1.118309997026655574e-12
7.069353302517034368e-14
1.148274916709653123e-12
1.895766379684188944e-12
6.478775889838037750e-13
1.247835090954111917e-13
7.447576521287922767e-15
8.461797466740333708e-12
4.916360464535612859e-12
1.104908825313549428e-13
9.979987127935094979e-14
5.605862025808343738e-13
2.909382003482098590e-12
1.505682710190454480e-14
3.719816060557483432e-14
3.354189467848533242e-12
1.407132204981057022e-12
2.644742532392980585e-13
2.759333432917887454e-14
2.689037387109235847e-13
1.007746519006456838e-14
7.976310699392484477e-13
1.302637715588518109e-13
4.050834062946165328e-13
1.647288861312439697e-13
1.749123460641960963e-14
2.215701091296505730e-14
1.548013489129488431e-13
8.367637628244220507e-14
1.104992249854341220e-13
9.321818426525335041e-13
2.854414773897100542e-12
1.886480058806480935e-12
6.008014177541730284e-13
1.760100326391009444e-13
1.410693980074790007e-13
3.844654731113135421e-12
2.780890272998181958e-13
5.741888405883756465e-12
5.853214993710576556e-12
4.569233652211999220e-14
4.496473425140825563e-12
4.884682771090694877e-13
2.384380065250125141e-12
2.689334030195540525e-13
8.635721685247322889e-13
1.470999086963677549e-12
4.241452796380994516e-13
2.750565056282192225e-13
2.493200482549091892e-13
1.767939438413389065e-12
6.628149162697661740e-13
1.410872830281559460e-13
2.529339803853620777e-14
2.056380201825432952e-14
7.155767457264214190e-15
9.970560917093684056e-15
5.777044251061630901e-14
4.406477621143163147e-14
1.004906827450270322e-12
4.351865728883562055e-13
5.186739621101333065e-14
1.969174900715675748e-13
2.779013146388547107e-13
5.220448893563187738e-15
5.454259181787812960e-13
5.787669595998632014e-13
2.793845668648771732e-13
4.634935362098321001e-14
4.136309614350153877e-13
4.665627970664658385e-13
5.054725457608598327e-13
2.727100919939366457e-12
7.519924420113216174e-14
1.941074719168691548e-12
1.781210879771545461e-12
1.676536775705653926e-12
3.121071174601084900e-12
6.708847588935547169e-13
4.948519675904079749e-13
2.189646197437422551e-14
6.552267957683277557e-14
2.211145718098758077e-14
1.375013890664499983e-13
2.289932337433238138e-12
2.853851087961214608e-13
2.939631904415788238e-13
3.962318294253387919e-12
2.506259133257851255e-12
9.247293331447515599e-13
4.725733891623780829e-13
3.615296635523636034e-13
1.045651788660720307e-12
2.263665855898810957e-12
1.676049880108270070e-12
1.136464446231079352e-13
1.907944007173023640e-13
1.237636458349068890e-12
1.012938737324529408e-15
3.214210087264840229e-13
1.551852355999097090e-13
1.954256985283523982e-12
1.516444539237857740e-12
3.235913050619072023e-13
1.811088120104072686e-13
1.446496482083060627e-13
2.299974417943778873e-13
1.603478081534960341e-12
1.487327625359946883e-11
4.362007211122991481e-13
1.824507033675967226e-12
5.565882826369055932e-13
3.829545899061359254e-12
6.582520955122984442e-13
2.274379667032665469e-12
1.305023498955411471e-12
1.177611730626626934e-11
3.802669948661204911e-12
9.785545419441178086e-13
4.009225081139875180e-12
7.321536063393339179e-13
2.236730895808247167e-13
1.227500910419189327e-14
1.282292821154358165e-12
1.018242397571065802e-12
1.138135183430155149e-12
1.703468570866796175e-12
3.253682850995291597e-13
4.245138454368419209e-13
1.957493861047088940e-12
9.483068828538613776e-15
3.767371066876745340e-14
1.938306079779420578e-14
5.578191162940401124e-13
2.164796488541444617e-14
2.172949053278435444e-13
6.411242652061864371e-13
1.287002629522400952e-12
1.715133830982477626e-13
2.785215996336143461e-13
1.331309552046110038e-14
3.685737093450435025e-14
1.274638846263946121e-13
1.280943312375630725e-13
2.849532845011633603e-13
1.737164046156372812e-13
3.799160040719644086e-13
1.553869109793715416e-13
5.509143859156592356e-14
2.818534449714408978e-13
2.959451988627566842e-13
2.102338145208905217e-13
1.203399051842323235e-12
2.869872541491218974e-13
2.650134888531904312e-13
6.885336174979969280e-14
2.014841176218393621e-14
1.034248708073816016e-13
1.269781937290513860e-12
2.858144204744990901e-12
5.470314740427734138e-12
3.822607041352302809e-12
9.401562844237116236e-15
1.914863607138552772e-13
1.488950090869972697e-14
6.852307634489962210e-13
4.814923321269563815e-13
1.049443876944149856e-13
1.268995424151382040e-13
4.769686912117912310e-13
3.479886708123224759e-13
3.602320877164354643e-14
1.795514697086292355e-14
4.342700986944446769e-13
1.104928042133053173e-13
9.491321496358763665e-14
6.745861289974426419e-13
4.915844406075676636e-13
1.087626695919498015e-13
6.259099253420250441e-15
2.749944152408116599e-13
3.071945821224563270e-13
1.082651121383072577e-14
3.862290592494650158e-13
1.416483453905005380e-12
1.138449715868425157e-12
3.510398644391107375e-13
5.700004902056304862e-14
9.216127401812729753e-14
1.821055011235873753e-14
1.313735250417201546e-13
3.369049186773529236e-13
1.319282313137089753e-13
1.936344882362426150e-13
3.479532055385847477e-12
4.599616197876299779e-12
3.253111994461377446e-13
1.041870633448780811e-12
1.380000219363393099e-12
7.423437828907421357e-14
1.394154402170058197e-14
2.199248502215198755e-13
2.619700079605264929e-12
2.207370302868513211e-12
5.858731248627654082e-14
1.334768014710141415e-12
2.364549840137784122e-13
2.363402623037498151e-13
3.753950906670074255e-13
3.719501479594764996e-14
2.824536553901867623e-13
1.306815138859965958e-13
5.069953177220266295e-13
1.272083312086816076e-12
1.254253332947667782e-12
2.520489471796853641e-13
1.642863412233882323e-14
1.155262040528894107e-12
6.606027366691004042e-13
1.242747430735203522e-12
3.306324006813031795e-12
1.461343898466282482e-12
1.517160975103755356e-12
3.842740374963114587e-13
6.015097604784612506e-13
1.710552831325157351e-12
4.194677789594087581e-13
1.497923225561327456e-12
8.828038314524303668e-13
1.180435779012155098e-12
1.749000647976600547e-13
1.252134164220873147e-12
8.873046423515954574e-13
1.707748691854543618e-12
2.770586081002806455e-12
3.353907781806735290e-13
2.395172348432765698e-12
1.793713928483736058e-12
5.226277378015164533e-12
5.833320016939326518e-12
6.416955031916043883e-12
4.128577228646823928e-16
4.714409425986391044e-12
2.349016123617759756e-11
4.047592391637961207e-12
4.787220979077313745e-11
6.544269430510005978e-12
5.459328313190106120e-11
8.188635327535265017e-13
1.527448796490709105e-12
1.213505747227569999e-12
2.779123732268980198e-12
3.789810444453561755e-14
8.944759191282435096e-12
7.998385794736947242e-12
3.750451911896958527e-11
4.280567862773470215e-12
4.733696679692403979e-13
6.277464014861358397e-12
1.685844575426142236e-12
1.797038505486570184e-12
6.839782540782951426e-13
1.409781904921648352e-11
1.700683450306683424e-12
1.037724998887435213e-12
5.388176103495152460e-13
6.962814008682782595e-13
1.378642107954304349e-12
7.024482368796337187e-13
5.334996031659978174e-13
1.377204579805240200e-14
3.768305761197635430e-13
6.732814784743842279e-13
2.163717429474089837e-14
2.563248951211833439e-13
1.590281876315097456e-12
3.459350760759246094e-13
8.362971716964085191e-13
1.716357839797250281e-13
6.416665161107696293e-13
2.299008272568636814e-12
1.567603544000025570e-12
1.961440193953290661e-14
1.612557219452336023e-13
1.580091985498192748e-12
2.436491053238716284e-12
3.538629250523255260e-13
9.132015790955942830e-15
3.522480716357815643e-13
1.557989980857114349e-12
1.805231163014499109e-12
1.173682131413058101e-12
2.938652059075956317e-12
1.181524205606144707e-12
2.369600022410300596e-12
2.079946062631060684e-15
9.458923268322421654e-14
1.917135639707345857e-13
3.927178404499221491e-14
6.783397866427992481e-13
7.571230725038513028e-13
9.383810309284130650e-14
2.541066212074561412e-12
5.901901399348094562e-12
3.313562397273506720e-13
3.702080563229966529e-13
1.257447512457337429e-13
4.585864872719522875e-14
6.069469434117310382e-12
1.424395899697612298e-12
8.916027728609978434e-15
1.474675469388350730e-12
9.095814703104022239e-14
1.439348590154855678e-13
4.698974553696775634e-15
5.105577790626242970e-13
5.348830363410520823e-13
6.976980371352126166e-14
3.702621120624018541e-13
3.678248149544132450e-14
6.062943175490792579e-14
4.368635477381823146e-14
2.216159036683931668e-13
7.417260590061104231e-13
2.558576311562363367e-14
2.702905366421191522e-12
1.501855613666199876e-13
4.820375819783189872e-14
6.931852378899259686e-14
2.747316114736983373e-12
2.240971965855778661e-12
1.857889412187254983e-12
5.227657273091529541e-12
2.002770493341546140e-13
1.795966965513331713e-13
8.981605340932486593e-13
4.607374873665611434e-12
4.373440427915233113e-12
7.018128751204854994e-12
1.630579874184255961e-12
1.958953091432964330e-12
3.226972197502476763e-12
2.037740830288552418e-12
3.252125131404492553e-14
9.984368785338465889e-13
6.819542690238792763e-12
2.217524404727379753e-11
7.985415294566050051e-13
1.820533096253916545e-13
2.345194447738301575e-13
5.420609387009257444e-13
1.548415824243044914e-12
5.221939491370245173e-13
5.581435391457955892e-13
3.444271920794505143e-13
2.133287449460528479e-13
1.875801942673997366e-13
1.381148524833280731e-13
7.975430000647160459e-13
8.948268558809722697e-13
4.097260759421536569e-12
6.481849099432948684e-13
9.727238757964536543e-12
1.077972892946342613e-11
3.567500434866255461e-12
2.725756376840847052e-11
2.304805177138465137e-13
1.411570596214138927e-11
1.695767727484962089e-11
2.478539668639319346e-11
1.008040582519665237e-11
7.163624739384088055e-12
7.730626938892563204e-13
9.104635389081016894e-15
1.737818461375267043e-13
2.518009965379771313e-13
2.710423572054456650e-11
5.747361949113277099e-13
5.723991896942298608e-13
1.678589285525542584e-14
6.644050015541076162e-13
3.414653209321062745e-13
9.275507932176059536e-13
1.571434769010438327e-12
3.485736133961738202e-13
4.054999280374962644e-12
8.187777432060923773e-14
1.011472602429044386e-13
3.209013311995593117e-14
3.075561686888247974e-13
2.100402907818099048e-12
2.246604896284197798e-14
2.753836908641345060e-13
2.062219041368123859e-12
6.889048954511973946e-14
4.722045837258674200e-14
4.228126691562838321e-13
1.623072962271887138e-12
8.189319904316543101e-12
5.194324034756143289e-13
3.140240471916495877e-12
7.618080920258710303e-13
2.911531421938497348e-14
1.223465601378435139e-11
4.258800724936683527e-12
3.498312131496411857e-12
2.395976587007138189e-11
5.308230354692016519e-12
3.298895399108730115e-11
2.253499027404533466e-11
1.763848427448141736e-11
6.204868641058920166e-13
2.300139748304907994e-12
2.299792910398857749e-12
2.654434512794430263e-14
1.420803136620217040e-12
1.789679235404548366e-13
8.087503153019583469e-12
1.363543901222877780e-13
1.280297114215705176e-13
9.689158454687399481e-14
1.608316042054729933e-13
3.898637318440388683e-13
1.942627697270714851e-13
2.368046814720471408e-13
5.235219821206039041e-14
8.331143811999417153e-13
6.314842757106181480e-15
9.158877912695078262e-14
8.096043664547287715e-14
1.643698057784719367e-13
3.781622510342751668e-14
6.548089144519492773e-12
6.577078923507966575e-13
4.063576868115739119e-13
9.652680229761617285e-13
5.550542329388369197e-14
1.774635222642466611e-13
4.032906678886919505e-13
1.036888284145584644e-11
6.948267901542521638e-11
1.292572032817295635e-11
1.366263373628928067e-11
1.719419570798955934e-11
1.005418448392793124e-11
1.828636588380382119e-12
7.039404948359578974e-13
4.531770363935265630e-11
7.918155346001342679e-12
4.765033708386023348e-12
6.402292194937515139e-12
7.449093439439491032e-12
5.338773642280460815e-11
4.356272196433809540e-11
5.863596696251001671e-12
2.520517522493272101e-13
1.306126097523742525e-12
1.257059061742553946e-12
3.127697373802492501e-14
5.250909445028555878e-11
1.977712672900344177e-12
2.205851627248641771e-11
1.736314572429302345e-11
3.693415414240756065e-13
7.336149325070513523e-13
7.188806214055340249e-13
2.990006416246254595e-12
5.225702609812783350e-13
8.797091590865575302e-15
4.551868825918807424e-13
1.745593874755218609e-12
2.463546107394268984e-12
2.000969748851324376e-12
1.168508879273896007e-12
2.067827846735053555e-12
1.022448121091516997e-11
1.989767415950633853e-15
6.929415517314989827e-14
2.699236977013888319e-12
3.286203961205754296e-13
1.354609409757612214e-12
1.387303098879174943e-13
1.308223119260516534e-13
1.129222673096935911e-13
4.281715576557414714e-13
8.759688965739310177e-13
9.927390696119208819e-12
9.843878949419584222e-12
1.857767776362862300e-13
1.717440296083567214e-14
6.199077852081039501e-14
1.072015341435312254e-11
3.000939616273945420e-12
1.154414635192895101e-12
6.485487769288689044e-12
1.524974159823685011e-11
2.732107972151755224e-12
3.904300838075391270e-12
8.044076814834089995e-13
2.154171411358679280e-12
6.579351361656030821e-12
2.658347464398837955e-12
3.647141128319117128e-12
3.528988494555044676e-12
3.247130725355174041e-12
1.763255752815910487e-12
1.365712656351769431e-12
1.277938079688609430e-14
4.777959542501982071e-13
7.052237181877825427e-14
1.664350572774477428e-12
8.216133729313662863e-14
3.701439112743923386e-13
3.913152411269763195e-11
2.969526632028196459e-12
4.707252413871747315e-12
3.573734471582328633e-13
4.774818344972575871e-12
1.000341477294412015e-12
1.022665718563888357e-11
4.987982038903263161e-11
1.331608701443116457e-11
8.348610764021898118e-14
2.231744522732896706e-11
1.283415225003082730e-11
4.609136796935943740e-12
4.161992479018233162e-11
1.469914593933539110e-11
1.339699725343181443e-11
4.541352304097550383e-13
2.366445035520280167e-14
3.454048907429445436e-12
7.826762640357487723e-13
9.567599547215409042e-13
1.120880088688355836e-12
1.443648555677799818e-12
4.527104067617702926e-12
1.918278490794725929e-12
7.087903000322061878e-12
2.270079204753001912e-12
1.140893435942679989e-12
2.506073107514783814e-12
1.312151717058718853e-11
6.132606135558888871e-12
1.969321060553751598e-12
9.531519440585407353e-13
3.656396662348066871e-14
1.327908384049413188e-11
1.886359232538834043e-12
4.077716415565205068e-12
2.349583141952457777e-11
1.435965873473152454e-12
4.259927374544206523e-13
2.489996839975365129e-13
3.540461107884192411e-13
3.117561057003199546e-12
6.538093062538193043e-15
6.180606578955028286e-13
6.432176740968290657e-12
3.731188615165626263e-12
8.848296111956179182e-12
1.086411733617261870e-12
2.342194802350479839e-12
4.326047914769797067e-12
2.472984128582670077e-13
