2.753571597669970603e-02 6.533624823115849467e-02 1.266836619172889977e-01
2.701844100835794696e-02 6.459457254078798671e-02 1.268494087061002584e-01
2.693263491729144810e-02 5.871501001045166535e-02 1.276347782815530074e-01
2.501636478676867378e-02 5.684770602867113970e-02 1.279277843344575061e-01
2.498071110376792400e-02 5.207723006251158832e-02 1.285511636089567977e-01
2.002880336440860873e-02 3.665704511633489232e-02 1.268942229472102556e-01
2.002544229632535755e-02 2.797224289910402867e-02 1.257504053461732663e-01
2.342091189995690326e-02 4.986413148793080591e-02 1.284726727837185445e-01
2.264015555520664316e-02 3.981915114971568137e-02 1.272530004892732658e-01
3.848607579192833694e-02 6.854732041328152892e-02 1.217016363717719485e-01
3.378921380712152783e-02 7.056488390937205868e-02 1.233009775530329588e-01
3.289253356514702104e-02 6.051647659977793525e-02 1.253964387446999951e-01
3.117318248232524985e-02 8.900304438112428829e-02 1.209425622113234344e-01
2.927431082188047470e-02 8.918961661139254704e-02 1.213242081970117014e-01
2.792382048537145681e-02 8.280062160490869738e-02 1.230489633500849722e-01
2.796237391338520992e-02 7.629484595835586691e-02 1.244901366215459826e-01
2.843239621867421629e-02 7.538465554075261810e-02 1.245882007256219892e-01
2.803592199144220795e-02 9.337572805413683896e-02 1.201490206271976779e-01
2.684781737566119611e-02 9.262067399472907747e-02 1.206656365625819322e-01
2.706773667357894805e-02 9.092010535119605941e-02 1.213323143023889439e-01
2.502862279977817114e-02 9.277877600123334012e-02 1.208269019272821820e-01
2.495257039648266992e-02 9.418805207755134856e-02 1.202300816809701856e-01
2.450007836786316159e-02 9.419424698735184842e-02 1.201498773700424294e-01
2.399855428720565689e-02 9.376139414086584467e-02 1.202431305335286832e-01
2.524854209769592309e-02 9.107820735770030818e-02 1.214935796670892076e-01
2.470279690559016791e-02 8.745523957713977059e-02 1.221793034593679494e-01
2.517150114496417498e-02 8.090814256415168604e-02 1.237427932477409565e-01
2.521005457297792809e-02 7.440236691759885557e-02 1.251839665192019946e-01
1.929075235530434973e-02 6.481791881008472367e-02 1.243765193396729751e-01
1.736215830847632688e-02 5.237596970214633552e-02 1.257123791445254879e-01
2.167440865928612834e-02 5.338910106771110192e-02 1.273247691783450097e-01
2.354237167402415190e-02 5.580781792503187316e-02 1.276835467204080199e-01
2.510217087783517612e-02 6.272726855900746801e-02 1.271424147590047571e-01
1.571319194551555262e-02 3.559850637999837503e-02 1.252754402937029665e-01
9.215390597748472634e-03 3.406322320220635941e-02 1.223205342221602016e-01
4.619171463461116097e-04 2.739684122391077351e-02 1.175509809021411389e-01
5.849511573908679207e-03 -3.972666230019371303e-03 1.144004738488123563e-01
1.864483415365859181e-02 -2.301931183143136189e-02 1.164326019732636330e-01
2.083888667576761639e-02 -1.250997687136172834e-02 1.191445225933761565e-01
1.743069773605632547e-02 -7.953903271936407782e-02 1.044405746654104850e-01
1.837779399927958954e-02 -6.017295384345182352e-02 1.089674061471822830e-01
1.987294206995985843e-02 -9.252152065904399592e-02 1.018620423158959620e-01
1.858921177204559197e-02 -9.370679143310775561e-02 1.011508798514576812e-01
2.003539369398360873e-02 -9.858613964384631279e-02 9.937794938919114474e-02
2.214838516232013610e-02 -1.026707600111356200e-01 9.804854810732213655e-02
2.247856067402764085e-02 -1.001425777795740824e-01 9.915242831113466049e-02
2.442943003481916342e-02 -1.078396873033996839e-01 9.573725362207385903e-02
2.657688892683294016e-02 -1.111173877175259672e-01 9.401118040308559243e-02
2.057184652138861411e-02 -4.966361888338219344e-02 1.116793267672948203e-01
2.108707848756212130e-02 -6.983786987507670241e-02 1.070686662933290068e-01
2.299906490386114527e-02 -5.354690468215523441e-02 1.102730163392855456e-01
4.735020087689494755e-02 5.057252601394756492e-02 1.192075920474089251e-01
4.072500845844311684e-02 5.274436912538883748e-02 1.223244225166094379e-01
3.528238477892930297e-02 5.168457822643307553e-02 1.243970152646512312e-01
3.410950382446653606e-02 5.056066342071256076e-02 1.246900213175557298e-01
3.254970462065551878e-02 3.970816999967267946e-02 1.234741055109682129e-01
3.102219803176199664e-02 2.887439311462578970e-02 1.222480405968352085e-01
3.101883696367874546e-02 1.410520092386760571e-02 1.197154428444584112e-01
3.266378322559876368e-02 -6.757475895231405266e-03 1.154545970643336139e-01
4.138654574118161983e-02 4.191104531011981965e-03 1.137199564168978327e-01
4.565655207941567845e-02 6.638154040504926079e-02 1.175066279841014000e-01
4.465416295105816696e-02 6.374916506290698170e-02 1.188169832134986781e-01
4.399012134308116079e-02 5.857035227628041435e-02 1.203912811423746843e-01
4.653840407984644045e-02 5.402783581012011310e-02 1.193699118648411661e-01
3.365964792767702635e-02 8.837557910228853453e-02 1.197727128084651593e-01
3.328149481666352327e-02 8.728501136421751294e-02 1.202822111879084388e-01
3.654950744631455667e-02 7.851670967127140355e-02 1.205056892637966781e-01
4.062226522036886667e-02 7.364711514830385441e-02 1.192435093435926657e-01
2.922402660722322673e-02 9.411707422802860490e-02 1.193915940491429017e-01
3.015471294980473851e-02 9.272209916688833875e-02 1.196766258032616603e-01
3.116903057469299840e-02 9.217365193965681991e-02 1.193906054997066618e-01
3.105778581146699871e-02 9.398269740799435057e-02 1.183481471675331548e-01
2.594369006126693439e-02 9.873485225793540709e-02 1.175280465552201448e-01
2.601974246456243214e-02 9.719390139670890105e-02 1.184549105066481645e-01
2.728389948363894868e-02 9.653967937979864022e-02 1.185351148175758929e-01
2.847200409941996746e-02 9.728102555369039228e-02 1.177776882395211444e-01
2.506671490472167294e-02 1.048536437518442499e-01 1.132246931493365860e-01
2.537850339691492471e-02 1.026815370272199657e-01 1.148272635920893625e-01
2.658473141902719175e-02 1.020305442718014433e-01 1.150788164719671047e-01
2.740245951269320093e-02 1.037031040146407235e-01 1.136272963830733396e-01
2.195799054089838179e-02 1.079642134079485255e-01 1.105904725149133017e-01
2.300460078070414374e-02 1.053277520614697427e-01 1.128286802451748255e-01
2.306925191383489906e-02 1.065439973845360155e-01 1.119087361398005687e-01
2.398458278850665662e-02 1.001858451204631767e-01 1.165938673379638968e-01
2.436102241383066372e-02 9.785108906192789557e-02 1.181231533158426661e-01
2.473746203915467082e-02 9.938584501335390176e-02 1.172764936753424025e-01
2.379484720004240370e-02 9.743879804371589903e-02 1.181873431259031632e-01
2.281288809336739359e-02 1.025453149149047061e-01 1.144489127711885990e-01
1.644742056346631259e-02 9.977770600988343508e-02 1.122397683943528457e-01
1.878349468791659302e-02 7.184367146010506300e-02 1.227149654472239615e-01
1.875166339606934227e-02 7.644306247049763303e-02 1.215256745721194354e-01
1.218248877900501154e-02 7.735285746832640252e-02 1.172607427876581343e-01
2.093287329341633491e-03 7.604012972028212358e-02 1.113996990834275613e-01
-4.586143501512449615e-03 7.170125443798931741e-02 1.084019558696472652e-01
-2.891506154596929293e-03 5.443735888991061561e-02 1.138332441822920843e-01
-2.825722336570199791e-02 5.442760520213960757e-02 9.494799575217184595e-02
-4.868790408115975660e-02 3.103074895156581955e-02 8.408146492913722014e-02
-4.415975453347294882e-02 2.034611122480118814e-02 8.975290485149504949e-02
-2.468453979979870136e-02 2.437412066104123823e-02 1.038685999615962252e-01
-1.076545484369942351e-01 -1.368410998844374338e-02 3.780113910188214604e-02
-1.101151797904120211e-01 -2.975337649446219493e-02 3.260907975280982751e-02
-1.068065048272832246e-01 -4.059380961237982893e-02 3.291908885601783213e-02
-1.048671026399522060e-01 -4.268248276458460472e-02 3.397782530224159603e-02
-9.744797321760011177e-02 -4.843946516482592474e-02 3.848712650734389951e-02
-8.680155940237048451e-02 -5.309118339204398768e-02 4.569997861399848621e-02
-7.197964457501228319e-02 -2.107832796500233238e-02 6.365519973449472457e-02
-5.250442984133805308e-02 -1.705031852876228576e-02 7.777089484459590030e-02
-5.381478507073531731e-02 -5.236651075197697874e-02 6.798418952242502034e-02
-1.996401853181764552e-02 -5.541737202213176117e-02 8.799315504837852686e-02
5.278657226122173036e-03 -5.448589484000124911e-02 1.037294122009722319e-01
4.635375156306414599e-03 -4.138010183397309444e-02 1.066676447386902538e-01
-2.251467378722992255e-02 -1.056054337708831475e-01 6.976219453846428664e-02
1.744856604711380287e-03 -1.207295152092550949e-01 7.537155355622561503e-02
1.711653672521607286e-02 -1.238598558540843775e-01 8.288795624310471566e-02
1.954586401315260361e-02 -1.214489814889578301e-01 8.585986536495099353e-02
2.001924738652485769e-02 -1.114226517834399771e-01 9.230678936839906146e-02
2.376907901140415738e-02 -1.235106342899051357e-01 8.647955405488824687e-02
2.573609467965443445e-02 -1.183712316741370590e-01 9.013553938661954257e-02
2.409925452311166214e-02 -1.103678695349612215e-01 9.463337341826136284e-02
2.329569563803189983e-02 -1.335369639954230025e-01 8.003263005144017894e-02
2.559005297627242950e-02 -1.355395674433782782e-01 7.896776459871165943e-02
2.835779368788520979e-02 -1.346352424190967734e-01 8.023066945516892090e-02
2.910652103090096907e-02 -1.378418990804045619e-01 7.775072843609640016e-02
2.970953618701347929e-02 -1.385783025071150587e-01 7.706164357573438983e-02
3.058163449967324019e-02 -1.385508867360830398e-01 7.690340976263863870e-02
3.051072255344624076e-02 -1.363376563549107967e-01 7.861623641918115413e-02
2.821372908337571248e-02 -1.217856814269446253e-01 8.840946616763127597e-02
2.854107075336596508e-02 -1.272817526793116605e-01 8.495152023962873611e-02
2.940051563324172154e-02 -1.284327537395854590e-01 8.402617206400296579e-02
2.993261884312723234e-02 -1.230740249555613841e-01 8.718116054144275928e-02
3.104282576333174462e-02 -1.309789275708867218e-01 8.177122489662094762e-02
3.530169444458404471e-02 -1.350633502282887477e-01 7.664829810479037442e-02
4.006834801959010400e-02 -1.372726264117160311e-01 7.236497930081482732e-02
4.326782122166114575e-02 -1.368098534689595469e-01 7.068464296907706057e-02
5.434754920644702808e-02 -1.270445008146116606e-01 6.987752530602678314e-02
3.172182741944400142e-02 -4.259832425591185412e-02 1.085383756918497644e-01
3.063910217356724183e-02 -6.149424901994359621e-02 1.043973421033984744e-01
3.310059026982976882e-02 -6.897987486770744414e-02 1.009821674143376868e-01
3.559687530624829760e-02 -7.527133299648128273e-02 9.784925654097414993e-02
5.255346378624476539e-02 -7.562015914088601742e-02 8.734888442912649986e-02
6.950800926407298130e-02 -7.550192862831052454e-02 7.696865402543112689e-02
7.034768315522374471e-02 -7.029998378487570254e-02 7.777616710825589752e-02
6.329029692324340817e-02 1.754265092689189995e-02 1.015755606892707053e-01
6.039042010365185814e-02 2.308709519833946830e-02 1.049406488735614984e-01
5.842999476497658801e-02 1.162605074434407484e-02 1.040884533562182190e-01
6.902302691064872431e-02 -3.779588519131354268e-02 8.579883891308649757e-02
8.235282521893114160e-02 -6.909658960448068765e-02 6.913499287281153760e-02
8.432234521241990799e-02 -5.909853241283955644e-02 6.967935409570653882e-02
5.041154077107399406e-02 5.349685295626235154e-02 1.155866672690166186e-01
5.021580798269648094e-02 4.975598417960506309e-02 1.168115459238261433e-01
5.102760477974499498e-02 4.630067438343251490e-02 1.166492261063938884e-01
4.735408917134419776e-02 6.404019401693897273e-02 1.163107467794218808e-01
4.909571556812946519e-02 6.060617098529368779e-02 1.153748540764761021e-01
3.187722739082250734e-02 9.381246919507210680e-02 1.178286973904316554e-01
3.354840316445102666e-02 9.083383793705931963e-02 1.182108046991901529e-01
3.382684458899477831e-02 9.201152983211183245e-02 1.169349168934701311e-01
2.783254442075770718e-02 1.034588664005912095e-01 1.135755622959095934e-01
2.827897334616821454e-02 1.009867019704171753e-01 1.151965197581766159e-01
2.946813241468123137e-02 9.908334888586139977e-02 1.157679672356248801e-01
3.028757399403673653e-02 9.891312067293915600e-02 1.152485174585233807e-01
2.634774316751018960e-02 1.195558781941204185e-01 9.603783855398961844e-02
2.675364156603444316e-02 1.145420213567561185e-01 1.017176481949076949e-01
2.745182108120995321e-02 1.098759362110645482e-01 1.067469264034775212e-01
2.788190598927445946e-02 1.096316985970150482e-01 1.066951923163137750e-01
2.832200819829296459e-02 1.139336680336878599e-01 1.011910149585694418e-01
2.181471677593788128e-02 1.166551446316841378e-01 1.012328635513706776e-01
2.213533630976163499e-02 1.144278109452213643e-01 1.036724717534442120e-01
2.350058898451865344e-02 1.119473426997828203e-01 1.060815008262897541e-01
2.549805197540542731e-02 1.102569890670910546e-01 1.073974578358257714e-01
1.877189570786459358e-02 1.242443704603669735e-01 9.232497867802608171e-02
2.119160111462162557e-02 1.226041033324452023e-01 9.383541631332034672e-02
2.310378524080789961e-02 1.237002728506549631e-01 9.191117188401182192e-02
2.154952191383987734e-02 1.277910222244490190e-01 8.698292342782676378e-02
1.420137034101053713e-02 1.311030582556610702e-01 8.252482908352219704e-02
1.589844610986880860e-02 1.276384560947877722e-01 8.747990018107751342e-02
1.697813980414107290e-02 1.299581202985962969e-01 8.473680730207523715e-02
1.649750706823631743e-02 1.200703852240406766e-01 9.681589286361413915e-02
1.831531767490858845e-02 1.185983692101686693e-01 9.904770797418790962e-02
1.769220201359232927e-02 1.219247062565584488e-01 9.506807155702835799e-02
-3.448586713571685693e-03 1.279035850535900354e-01 7.252881489404933157e-02
4.836248401752418248e-03 1.267146236949642513e-01 8.058213173140368890e-02
1.204712340953451033e-02 1.276899924720642787e-01 8.518422477692198791e-02
1.154474258603225417e-02 1.318270059594748300e-01 7.982786851154491381e-02
1.559252301099730426e-02 1.051966045029272545e-01 1.083813281380775206e-01
1.527388057604604776e-02 1.062774185532272542e-01 1.072614993366935165e-01
1.313545043555002304e-02 1.099767682535620489e-01 1.025900760240462117e-01
4.221766072179410946e-03 1.126306939734145890e-01 9.333362861947984424e-02
-2.874107684518928396e-03 1.021997180319917098e-01 9.600244848417187338e-02
-7.911887418240490244e-03 1.125069275839960803e-01 8.325095159609571804e-02
-1.571358547242133682e-02 1.139829636989088402e-01 7.272672249118658505e-02
-2.495428198930345343e-02 1.125600456403705735e-01 6.279885230951920416e-02
-4.554135122557596838e-02 8.397231630004797776e-02 6.101999055063518640e-02
-5.551001554731259391e-02 5.803693100047990772e-02 6.983508358356380064e-02
-2.995186071261751737e-02 7.169150075021832325e-02 8.951670743952702680e-02
-9.096598866081302692e-02 3.644022327331738337e-02 4.263455271548295678e-02
-1.015061004599979028e-01 2.678736754481476218e-02 3.357370629270258616e-02
-1.023005646902641758e-01 1.250539841953633366e-02 3.702829115262188525e-02
-8.663297877184196472e-02 1.241596764720358410e-02 5.490423060833085622e-02
-1.314269216667515450e-01 -4.254271012759123193e-03 6.941657253761251110e-03
-1.334847520765453377e-01 -1.585516226033601914e-02 7.267087728174755068e-03
-1.337446087716875898e-01 -1.890767111288455676e-02 7.719645660090011102e-03
-1.334850156897283424e-01 -1.947957991340306533e-02 8.206275595908018097e-03
-1.313681359269425475e-01 -1.983479867749556730e-02 1.105712036346155440e-02
-1.289740009989365221e-01 -1.969462236743532019e-02 1.414080147489984139e-02
-1.233221343554164323e-01 -1.359467921611099209e-02 1.992519964617316466e-02
-1.377153482439208709e-01 -3.833345837474629730e-02 6.101126619765742318e-03
-1.368435794477398659e-01 -4.110475786432958578e-02 6.518887611524997426e-03
-1.353072418172158453e-01 -3.892111806294906023e-02 9.087139046902529757e-03
-1.329131068892098200e-01 -3.878094175288880618e-02 1.217082015834081848e-02
-1.332704345587663042e-01 -4.361363043023636782e-02 1.028855612842504395e-02
-1.315607712604197899e-01 -4.691110183308765808e-02 1.122958928843930532e-02
-1.285814150661537536e-01 -5.137888396186746781e-02 1.326000392720108091e-02
-1.261341620817732212e-01 -5.460946351953250427e-02 1.506180003300610325e-02
-1.120149740969972885e-01 -7.698383013654504226e-02 2.043252321685666908e-02
-1.066872198619757267e-01 -8.124019449255884262e-02 2.340700256723720826e-02
-1.048787675232999567e-01 -8.143460921502135297e-02 2.541725079749948199e-02
-9.423235370807032940e-02 -8.608632744223940203e-02 3.263010290415407910e-02
-9.306375646783131284e-02 -8.823721330563219500e-02 3.184400839244806714e-02
-8.754830964651373615e-02 -9.262802038497600088e-02 3.274398379921007740e-02
-7.243754067388329110e-02 -1.020421743762721101e-01 3.730244886294188655e-02
-5.493448206552783292e-02 -1.108162755592442122e-01 4.428734146959722312e-02
-4.685849449443547921e-02 -1.133984325900249945e-01 4.868348671589678434e-02
-5.636544032614760474e-02 -1.025545725007283582e-01 4.975322901251079399e-02
-2.466760265279095005e-02 -1.297916137946547033e-01 5.232998197304007670e-02
-1.981751550536538925e-02 -1.328029330873594926e-01 5.260466690972608050e-02
-1.008603714503301593e-02 -1.363110314234277920e-01 5.619053113477937011e-02
-4.507690785864300543e-05 -1.387537370804015624e-01 6.129994775098118742e-02
1.236808097774623298e-03 -1.370274002482302911e-01 6.439318484030323586e-02
1.579010109165580530e-02 -1.426026872620888841e-01 6.887441124141603643e-02
2.079670856648762126e-02 -1.415994413908865934e-01 7.154560362475506641e-02
2.438283640472391559e-02 -1.398961048089320813e-01 7.458077991052135258e-02
2.119371002008562169e-02 -1.385756663752850670e-01 7.511163095778761178e-02
2.506776935745367099e-02 -1.435178204268733881e-01 7.041747100810655247e-02
2.952823622040522816e-02 -1.442881640508951457e-01 7.056977352458479458e-02
3.085519908033149475e-02 -1.436317013219294003e-01 7.176921350723480808e-02
3.058387521172874560e-02 -1.418944245426636275e-01 7.396300241616084181e-02
3.237466546714350829e-02 -1.461424850834129041e-01 6.833809022060252647e-02
3.405137711761502955e-02 -1.466908005040529206e-01 6.718893445260976094e-02
3.649942094154456224e-02 -1.462575522377924098e-01 6.711887924922751991e-02
3.145597352438849609e-02 -1.418670087716316086e-01 7.380476860306509068e-02
3.524185425204304917e-02 -1.437869694867163761e-01 7.046182392614630530e-02
3.915848711846559721e-02 -1.447243779654643903e-01 6.819837523361252374e-02
5.662444217131381435e-02 -1.490645713136722061e-01 5.204870670677907291e-02
6.354916506894940642e-02 -1.480438610690961998e-01 4.772986602639427145e-02
6.690924460276320707e-02 -1.465789626111651811e-01 4.679542319595500488e-02
5.928139944277084628e-02 -1.459593398245236651e-01 5.364132575187358781e-02
7.036112742755674943e-02 -1.361939871701757787e-01 5.283420808882333120e-02
8.225818808623414080e-02 -1.349134861337532854e-01 4.433881194357797151e-02
8.560001240712518389e-02 -1.272901883011677004e-01 4.776486067643750943e-02
8.319915534295264925e-02 -1.193029724694505689e-01 5.607744107927237209e-02
8.962288138629673218e-02 -1.352145323887392891e-01 3.769800044403338879e-02
9.269107522323376258e-02 -1.325865725674122697e-01 3.612653635687462089e-02
9.462573237327079334e-02 -1.294955102868499408e-01 3.628312258757662723e-02
9.477039010744205128e-02 -1.290107915466086885e-01 3.649770371853862383e-02
9.343097152461903032e-02 -1.254831199317026635e-01 4.092462580395343080e-02
8.403882923410341266e-02 -1.141010276260157608e-01 5.688495416209712885e-02
8.831015363825246711e-02 -1.155248683306945301e-01 5.158441798822031160e-02
9.054717510919051138e-02 -1.122842055687797436e-01 5.002521191407104800e-02
8.831535999861671316e-02 -1.000044444716820802e-01 5.631607691318311903e-02
9.028487999210549342e-02 -9.000638728004095590e-02 5.686043813607813413e-02
9.297709552678877498e-02 -9.879406454193756515e-02 5.107386515604506183e-02
9.330305322756828057e-02 -9.622831743179853514e-02 5.131414857234956051e-02
9.258582765992101615e-02 -8.939065278784870394e-02 5.402139005846384040e-02
6.504615843191068059e-02 5.299921717005410399e-02 8.454852158611747548e-02
6.309403690849990642e-02 4.522915269783324421e-02 9.223225274090582348e-02
6.749637706459994668e-02 2.041590281500043833e-02 9.109186211124781218e-02
5.717038507330682306e-02 6.038565855771418911e-02 9.869156656395489113e-02
5.428065736126078816e-02 5.996255939899918647e-02 1.050956534251654695e-01
5.559648256420530316e-02 5.285324136996783634e-02 1.053074666177059859e-01
5.888795676714334709e-02 4.235590080972470584e-02 1.027159513189287166e-01
3.415155012715503230e-02 9.745823951596215007e-02 1.100699682850798111e-01
3.756771336565207370e-02 9.032038535987106653e-02 1.105931745500390584e-01
4.027818411325811282e-02 8.535404479874249273e-02 1.101666484199450569e-01
4.197572120518663213e-02 8.301269841063221855e-02 1.089707672152655377e-01
4.660707531401794140e-02 8.000177453770193625e-02 1.016307876511091807e-01
2.920788029976447223e-02 1.133002055549388459e-01 1.007020784074001696e-01
3.003364859551198654e-02 1.063558434751697562e-01 1.073077634503100120e-01
3.190174341684150899e-02 1.024328838923552060e-01 1.086120555764982787e-01
3.222644895500175605e-02 1.078795935762055236e-01 1.017471069681079310e-01
2.571856440298492599e-02 1.314722485184525724e-01 7.564676571927761439e-02
2.748569537522545583e-02 1.254827592908052403e-01 8.382865988664021939e-02
2.837156747669696000e-02 1.248492968120562541e-01 8.333972333547096101e-02
2.330446077636664712e-02 1.291563408025017956e-01 8.329102079991171359e-02
2.568297662327992739e-02 1.251840855544662512e-01 8.741768746988951011e-02
2.493853299448791846e-02 1.302174497673725673e-01 7.956247593955965980e-02
2.352741162588890128e-02 1.449876964108627320e-01 4.970353792751529276e-02
2.292136491817189578e-02 1.438757760049687306e-01 5.307060321067857966e-02
2.349129661981790018e-02 1.401730652365506813e-01 6.115726711568243712e-02
2.417148453525365739e-02 1.378504353844333952e-01 6.584022350508599020e-02
2.495151594375066839e-02 1.391052341355134003e-01 6.192451328480394479e-02
1.691816780500856807e-02 1.395487633159109009e-01 6.633930916380074982e-02
1.808880804741583304e-02 1.362658565414203715e-01 7.290749523142883715e-02
2.012489036961210773e-02 1.351470162894726212e-01 7.444475550809334652e-02
2.187982923213888098e-02 1.365123348675253978e-01 7.075285288017829632e-02
1.378683861074303171e-02 1.464541765478917512e-01 5.147475490409231247e-02
1.649315745071681591e-02 1.455349573787707573e-01 5.265910303201558340e-02
1.884880485400484279e-02 1.473200799507509984e-01 4.744872256672476307e-02
1.832124897152608706e-02 1.491947651016555521e-01 4.312460962267995745e-02
6.388007403481937331e-03 1.555994450925278771e-01 2.689190294320150179e-02
4.566440308951914134e-03 1.526836196753648400e-01 3.323489744925183648e-02
8.444849263839464965e-03 1.494193635335715475e-01 4.259850361270770686e-02
1.218321371525826063e-02 1.510888258215105640e-01 3.999749823934242721e-02
3.467964175390900617e-03 1.431636908943899889e-01 5.474784208751611037e-02
7.290421232186698741e-03 1.394101027816529170e-01 6.446831459745822057e-02
9.947048987164983438e-03 1.386861550778391849e-01 6.716527516943551768e-02
1.047348451361598994e-02 1.411270813458277151e-01 6.213434937847194667e-02
1.004847415932423431e-02 1.447847142599527348e-01 5.407576027745759906e-02
-1.184618236792404217e-02 1.525830512460503163e-01 1.588466858374061597e-02
-1.717242082714335802e-02 1.483949627044335307e-01 1.937840000133541143e-02
-7.433297684503984912e-03 1.479779925522232975e-01 3.212673353121557607e-02
1.821172621189879725e-03 1.493616322464945412e-01 4.002260739502317560e-02
-2.201150212417866264e-02 1.315887655453385763e-01 4.572647173888999550e-02
-9.746503365329013679e-03 1.350784109585968784e-01 5.387548016167334475e-02
-5.786506130302964887e-03 1.417800512001186897e-01 4.685196822370850389e-02
-4.387604084526919995e-02 1.411862625054111919e-01 -1.001908313386746033e-02
-5.637400775459510543e-02 1.299682694061417843e-01 -1.249935366941874390e-02
-4.963157337300401484e-02 1.256090300054622244e-01 9.013327355662528739e-03
-3.192236925554254451e-02 1.312985933341513090e-01 3.230487013962782261e-02
-2.779062803179198696e-02 1.387073759390706484e-01 2.595462627104499001e-02
-7.029364055984001214e-02 1.113998840219875552e-01 -4.372159237528639580e-03
-7.677957931437209838e-02 1.042189950137717147e-01 -7.295036307336924541e-03
-8.338902084513967472e-02 9.350608477313032685e-02 -6.344710782621911654e-03
-8.684815303246572193e-02 7.287281732653708155e-02 1.154032332790056251e-02
-8.099732433907640139e-02 6.237560857288545341e-02 3.381945968255434254e-02
-1.168872706550905943e-01 4.426670096670023286e-02 -1.073881302675321753e-02
-1.268604164009382307e-01 2.210230224994720605e-02 -7.610317674204928988e-03
-1.304971579703105566e-01 1.012516908693355568e-02 -1.766408826869356749e-03
-1.283002057031885357e-01 8.667256378352038854e-03 5.200492180046230664e-03
-1.231235677253216948e-01 1.271991364720258949e-02 1.257487326458407370e-02
-1.391736563722769104e-01 -1.238344254352172560e-02 -4.221174786965388101e-03
-1.366035596446183720e-01 -8.306928281609672962e-03 -4.327238307765899749e-04
-1.396932379559699122e-01 -1.612701335530477079e-02 -3.758138231025881428e-03
-1.400171526545811451e-01 -1.876288157212180341e-02 -3.532155829899128515e-03
-1.401490251493769101e-01 -2.362779696109111593e-02 -1.990282322532108995e-03
-1.394740435943054024e-01 -2.806170479585542304e-02 1.334670754646932007e-03
-1.387906923206736476e-01 -3.047369951700970234e-02 3.906678677882214137e-03
-1.382833028466943781e-01 -3.681425560111727807e-02 5.459030809273483428e-03
-1.382958903761826452e-01 -3.579459980927326979e-02 5.818533287589738347e-03
-1.374191129295246339e-01 -4.109190672165833474e-02 5.607576837893986366e-03
-1.376528719195498907e-01 -3.971610951958132185e-02 5.693580638847737033e-03
-1.380156695626536256e-01 -3.855212551004480459e-02 5.410987306671733062e-03
-1.286623443133347588e-01 -5.787451050087479704e-02 1.110938167699130480e-02
-1.267930632326817464e-01 -6.041897084648657767e-02 1.246698956944132172e-02
-1.177144888233446068e-01 -7.170497614696996758e-02 1.745125582701388331e-02
-1.170217792817163510e-01 -7.242852843100923421e-02 1.781365805034313549e-02
-1.176256511806736127e-01 -7.142126245876621871e-02 1.793347024201663933e-02
-1.020254184305079276e-01 -8.583569720850214857e-02 2.515732819906148221e-02
-1.002743678624303802e-01 -8.733229515168891566e-02 2.565041665786298858e-02
-9.768799302072160573e-02 -8.928692100033819301e-02 2.687457037641925381e-02
-3.464766824469232842e-02 -1.272833343584096610e-01 4.560257354287998444e-02
-3.274359022388330376e-02 -1.272094567638739349e-01 4.793383672674052243e-02
-5.575615583902962351e-03 -1.403960472104915924e-01 5.405506664259208949e-02
1.416592288580625046e-03 -1.427160409307788591e-01 5.700002131647663450e-02
2.097834656748383351e-03 -1.424975715053676262e-01 5.834042844873589539e-02
1.389940143988403071e-02 -1.461030090092586553e-01 6.170011256277518896e-02
1.940232663500910185e-02 -1.461150693123809130e-01 6.403144164993146426e-02
1.864081405261784272e-02 -1.450735995296436320e-01 6.594804129693299100e-02
1.450821608602254065e-02 -1.443290240942601277e-01 6.578117415209400187e-02
2.517525763282192283e-02 -1.471358454602526844e-01 6.407994647560347201e-02
2.994072494850448171e-02 -1.478054888483684437e-01 6.428556475834347472e-02
3.211421564233950948e-02 -1.477397173592099322e-01 6.527536635721273295e-02
3.104770260721724864e-02 -1.467989478123786773e-01 6.713865023795251297e-02
3.511789015273729386e-02 -1.484350630326681797e-01 6.427851310569822341e-02
3.743518183789882464e-02 -1.493780732915549470e-01 6.111568213606418526e-02
4.143313937127687113e-02 -1.500999779932004619e-01 5.784411072844264368e-02
4.473970542894166458e-02 -1.500098881879101953e-01 5.679736868204538630e-02
4.647507101263068791e-02 -1.497987340283272184e-01 5.664355038976488094e-02
4.041605380796711028e-02 -1.471949607165403962e-01 6.485543055669373835e-02
4.370133310110465436e-02 -1.484637968696151944e-01 6.071591274404467692e-02
4.984384978148347772e-02 -1.492269570344001706e-01 5.644135907840387711e-02
4.822981216527021109e-02 -1.480624457984976716e-01 5.964050276399616990e-02
7.358478713916803693e-02 -1.499293543605036971e-01 3.504117497916785923e-02
7.625466145659205719e-02 -1.489744815083819673e-01 3.408010721724559489e-02
7.915130901469184799e-02 -1.478095748527049336e-01 3.334297885428183505e-02
7.640676626318307352e-02 -1.477872336354456861e-01 3.670991233085363348e-02
7.976684579699687416e-02 -1.463223351775146674e-01 3.577546950041436691e-02
8.512952877876592273e-02 -1.451754860248731516e-01 3.155620869990781452e-02
8.737643574406646352e-02 -1.435930160873241379e-01 3.169664862315106635e-02
8.755819703374495555e-02 -1.428951001853316083e-01 3.269495174717207409e-02
8.628105706540568909e-02 -1.428378302213248741e-01 3.427195171117385086e-02
9.360811958359503693e-02 -1.419442474342506311e-01 2.616973462837299258e-02
9.447356166338403971e-02 -1.424140720296523666e-01 2.358223943063646189e-02
9.636300915253656618e-02 -1.413475589945301092e-01 2.198751148007794046e-02
9.378988087327354284e-02 -1.412463315322581014e-01 2.716803775239400726e-02
9.558093474187130678e-02 -1.385611017469243200e-01 2.717357362923700573e-02
9.751559189190833754e-02 -1.354700394663620189e-01 2.733015985993900859e-02
9.743031302720783771e-02 -1.377847609229893022e-01 2.473712878535947596e-02
9.756791910873384432e-02 -1.378139560830065613e-01 2.437571511146647066e-02
9.790639843570583811e-02 -1.372112704433727792e-01 2.430137619386047235e-02
9.566799299555707459e-02 -1.222424571697878493e-01 3.936541972980416026e-02
9.716024132122431933e-02 -1.246028496103698952e-01 3.514088666563761065e-02
9.627825751420206191e-02 -1.176600692096987921e-01 4.001410586987142609e-02
9.789572210179432743e-02 -1.199353804954675778e-01 3.528528078662586387e-02
9.709598560786807109e-02 -1.119891565137070000e-01 4.025438928617592477e-02
9.637876004022082055e-02 -1.051514918697571549e-01 4.296163077229020466e-02
9.816506887152458283e-02 -1.103097428281097081e-01 3.455144758844960057e-02
1.005255272154023660e-01 -1.106269353905544595e-01 1.693905541244487487e-02
1.023911836147891330e-01 -1.004876474361210831e-01 -7.371550033702675350e-03
1.021884650770621267e-01 -8.706261886547991824e-02 -1.925661629255357235e-02
1.018744358728133764e-01 -8.243970037850460730e-02 -2.149409908656185059e-02
9.906511018158235815e-02 -6.060883824154233296e-02 -2.198580357615260647e-02
9.477783717986179579e-02 -2.906231453522768390e-02 -2.096713633374484506e-02
7.715905238416932710e-02 -1.346353165756848658e-02 7.671169707530188508e-02
8.249820788935564864e-02 -3.706172247665853042e-02 6.660002260178775335e-02
8.405029640756390974e-02 -6.831023973288402433e-03 2.656976763357550217e-02
8.340899143662064419e-02 3.362424134921560698e-02 -9.836794617822955389e-03
7.968176464218361399e-02 5.874822527150966311e-02 -5.719371668445004386e-02
6.498374801083542374e-02 9.357179035899310104e-02 -5.489790947370301599e-02
6.090736555551486825e-02 1.022683233628674526e-01 -5.091919570268396700e-02
5.955885231787835105e-02 1.033227760948674800e-01 -4.326848209906637016e-02
6.645833425324169930e-02 7.424630791326286561e-02 -1.011643498583303716e-04
7.414634912225377683e-02 4.504304179063525065e-02 3.688989423154688529e-02
3.349910749923001863e-02 1.431992127707991946e-01 1.021995079754929592e-02
3.134762850617549973e-02 1.403788153258821725e-01 2.877647358846853118e-02
3.300054906688126150e-02 1.321123672300723306e-01 4.200978947177294587e-02
3.517403976071629274e-02 1.233675930137089760e-01 5.381148806150008734e-02
4.444096578930691044e-02 1.049689745194067464e-01 5.436784368422159508e-02
5.500427554859579210e-02 8.535285853941898537e-02 5.142862259706730554e-02
5.735814356289857530e-02 8.220248329268170506e-02 4.755746300471226651e-02
3.778479882185257349e-02 1.488085717885605508e-01 -4.513249091605939928e-02
3.660783186305330977e-02 1.501222880860410558e-01 -4.379069981458938443e-02
3.572591395932680353e-02 1.501032420335693118e-01 -3.666938738573154166e-02
3.526564534180879479e-02 1.485055484347020394e-01 -2.327520155750137723e-02
3.581435618222330447e-02 1.463114959125929870e-01 -1.426068515163326361e-02
3.987334016746584692e-02 1.424602391155544712e-01 -2.302885503798787412e-02
2.623933224600143860e-02 1.483144288770270325e-01 2.669920170642850130e-02
2.647038920090094213e-02 1.464069897881347393e-01 3.337368979010133657e-02
2.944012351398747965e-02 1.470504695678377660e-01 1.898812068390390295e-02
2.982631682708248091e-02 1.574596315183673934e-01 -4.140539592821385062e-02
2.965285935266847792e-02 1.575446467698848885e-01 -4.102328861945534616e-02
3.033139968571048686e-02 1.562588734698023563e-01 -3.494548897550301542e-02
2.163361451921688022e-02 1.470589051896937505e-01 4.656350949821075336e-02
2.269445987090464370e-02 1.473869058926415287e-01 4.207200218296094918e-02
2.562682701530092852e-02 1.595484364771636854e-01 -4.051332891694183619e-02
2.310510330672289891e-02 1.602650689151491614e-01 -3.776133909301330333e-02
2.476916152441041921e-02 1.596072881202684202e-01 -3.802514998590055678e-02
8.717095778582716753e-03 1.598603567759484256e-01 1.583521599398935711e-03
8.510554849702214875e-03 1.585234425183638940e-01 1.023102255123529460e-02
9.248737665397972763e-03 1.572470274862778905e-01 1.755175835303263501e-02
9.650550059585729507e-03 1.619098833704777085e-01 -1.450446144261251756e-02
1.034312779462248644e-02 1.610462206796739182e-01 -8.636959215398443482e-03
-2.155827664139670259e-03 1.597428511996261680e-01 -7.011454425724672826e-03
3.018965021446145397e-03 1.600650524125479257e-01 -4.283980627815139018e-03
3.225505950326648576e-03 1.612509163162734460e-01 -1.308490445215750031e-02
-3.180887526235183331e-03 1.581961008483736553e-01 2.404874374331196236e-03
-3.962434710534443703e-03 1.570700112338933863e-01 8.733238348725025357e-03
-9.997435321839451727e-05 1.567644835547963855e-01 1.452455636605209932e-02
5.649824587786177708e-03 1.568758601246138806e-01 1.957116714140416311e-02
-1.929786801837663282e-02 1.561753080907913871e-01 -2.435667464075889216e-02
-1.848481905870887412e-02 1.551670535691121178e-01 -1.306968079083925018e-02
-8.841189791611253276e-03 1.584818575387456629e-01 -7.366343673338427572e-03
-7.816129929515740205e-03 1.600286078899981757e-01 -1.678267247339429794e-02
-4.020199801050240024e-02 1.474425282742545251e-01 -2.627973281074391307e-02
-4.170432954041941587e-02 1.460283094507552615e-01 -2.292512325047737359e-02
-3.653770886350660163e-02 1.462351798961145088e-01 -1.038207848685846618e-02
-2.449645179372820017e-02 1.505936284572450545e-01 -1.193643283506099764e-03
-1.857431573433737312e-02 1.537552072642598411e-01 -1.938350525481109072e-03
-5.436165061886883559e-02 1.382419009611884075e-01 -3.323668242000124562e-02
-5.540773363230860199e-02 1.369233737231181358e-01 -2.913954042651944673e-02
-4.904266152218201419e-02 1.409793920600519446e-01 -2.256212789748636774e-02
-6.412074246012045009e-02 1.305291723562700679e-01 -3.326923864810174547e-02
-7.003925383824501083e-02 1.248384227682574898e-01 -3.417613390091751857e-02
-7.534644624499257926e-02 1.194599229955084219e-01 -3.389215659953075804e-02
-7.697999123674785504e-02 1.176128513255231545e-01 -3.304206998765149561e-02
-7.845523651211162852e-02 1.153832769270048686e-01 -3.003879089702821484e-02
-7.703607494143110967e-02 1.157591234226671151e-01 -2.588484026260990875e-02
-9.056345133037202455e-02 1.036058307501137310e-01 -3.419274153144651052e-02
-9.585192720112659104e-02 9.662311295221814866e-02 -3.364014239658275063e-02
-9.856846105194162766e-02 9.288086020635008544e-02 -3.240906883197273297e-02
-1.032082507826289353e-01 8.711682615346351410e-02 -3.431294914289451103e-02
-1.054814531629337110e-01 8.266275191019969992e-02 -3.433225880854925971e-02
-1.108249582856395271e-01 7.177559335559531573e-02 -3.327872872268974880e-02
-1.152772531399180872e-01 6.239313884955495493e-02 -3.158112572746547830e-02
-1.181031864616780974e-01 5.621839545755438067e-02 -2.992497590526796078e-02
-1.196279251121501325e-01 5.278694265444334316e-02 -2.876837306485544379e-02
-1.134281384677645471e-01 6.489996841329348509e-02 -2.862384713727568822e-02
-1.288700715015387577e-01 3.352340930671810632e-02 -2.675647725219941833e-02
-1.318577974143650688e-01 2.607772085617875851e-02 -2.594738249027665755e-02
-1.343855183228563344e-01 1.964522967449992830e-02 -2.479987430467764722e-02
-1.352622957695143457e-01 1.696309734406639333e-02 -2.283470392870836849e-02
-1.357083292751503634e-01 1.527465490695137026e-02 -2.070919083417934251e-02
-1.396473033588321588e-01 4.603329645928237734e-03 -1.807945162386706203e-02
-1.399685160223176628e-01 2.435770248710710743e-03 -1.794013205665155944e-02
-1.401858650917011395e-01 -2.613608465062852715e-03 -1.426292586368876382e-02
-1.401466526307298954e-01 -5.904028215268893390e-03 -1.072503923794146906e-02
-1.396270710470368936e-01 -2.160457403485846906e-03 -1.118807579388097530e-02
-1.411676264884889342e-01 -9.408435966775187398e-03 -1.439638003758251551e-02
-1.408829242508489177e-01 -1.078390365237345480e-02 -1.085849341183522075e-02
-1.402446508315101648e-01 -3.103150501223770480e-02 -1.733325372402856135e-03
-1.399495358731416561e-01 -3.126434135612245896e-02 2.757365985359190195e-04
-1.392661845995099013e-01 -3.367633607727674172e-02 2.847744521771201475e-03
-1.387829157317751472e-01 -3.608549695671377233e-02 3.489774428967709619e-03
-1.383495356589231340e-01 -3.731024380493178777e-02 5.001266516993977881e-03
-1.386171689429638865e-01 -3.557237389600426125e-02 5.049310019595729115e-03
-1.365355474434043759e-01 -4.315052797100110693e-02 6.355974664430994944e-03
-1.353407865947525990e-01 -4.605969715529339287e-02 6.269970863477244277e-03
-1.339845626715133464e-01 -4.926740826933318634e-02 6.501555044742746842e-03
-1.340003135591975869e-01 -4.900728796100792956e-02 7.273546251158256176e-03
-1.322818851225163184e-01 -5.232202602734572355e-02 8.214579411172519274e-03
-1.312904359412533084e-01 -5.380728860366349592e-02 9.427793182634284716e-03
-1.243458102483012001e-01 -6.364955040415162801e-02 1.426878567524634406e-02
-1.238175294295691814e-01 -6.439518029226712348e-02 1.391995953084158855e-02
-1.208985406542101432e-01 -6.795488090890768051e-02 1.540930811149585772e-02
-1.202577629096329009e-01 -6.860903702252217629e-02 1.651233157246361979e-02
-1.101410797856417628e-01 -7.929117042404831839e-02 2.019289883350966833e-02
-1.075011255644882369e-01 -8.146143185639159734e-02 2.206303665700744265e-02
-1.114111021980400268e-01 -7.799109610878804388e-02 2.031271102518316871e-02
-9.419254811743731082e-02 -9.233303723319899459e-02 2.614350511666449495e-02
-8.861969952552149754e-02 -9.640394971497229237e-02 2.777454578318126407e-02
-2.833136457342074616e-02 -1.306940935266552029e-01 4.659771330870499800e-02
-2.039515789261414982e-02 -1.343571305110317637e-01 4.856611294616602209e-02
-1.344381006349555999e-02 -1.373950747352195578e-01 5.117206106671255694e-02
-1.462585157606757433e-02 -1.366694794490120601e-01 5.180960954979806077e-02
1.068960921408583801e-04 -1.431533752013758598e-01 5.201140544138456445e-02
1.985140021015881998e-03 -1.436204977616518941e-01 5.461972608057810707e-02
-4.393574071330948010e-03 -1.411216424966990901e-01 5.341751815950658566e-02
1.303916572045927050e-02 -1.469109175118579191e-01 5.645948248473511843e-02
1.937556989693460172e-02 -1.475728502143709153e-01 5.861695867770290447e-02
1.894106946805484623e-02 -1.471622726818484217e-01 6.077443487067067662e-02
1.321815907171627370e-02 -1.463214784346699160e-01 6.035970543051592807e-02
2.800323395675020921e-02 -1.486342227924246917e-01 6.021148891837417583e-02
2.601407478112793478e-02 -1.486584093019649444e-01 5.803845954760939591e-02
3.266233335309226549e-02 -1.495356480716932002e-01 5.802290636981239508e-02
6.174308524892063027e-02 -1.511242470157469764e-01 3.919591645313515865e-02
5.648426586125356724e-02 -1.509304254229462128e-01 4.592688366126574523e-02
5.821963144494258363e-02 -1.507192712633632081e-01 4.577306536898523986e-02
6.634788032956469295e-02 -1.505183980179171932e-01 3.891332312095915208e-02
6.523787111924743420e-02 -1.501855863743797037e-01 4.212485662615244458e-02
5.823847978752708793e-02 -1.502290825495747051e-01 4.884956302118678706e-02
8.443787368986967190e-02 -1.477113789420374246e-01 2.302423622552120241e-02
8.734506577528945714e-02 -1.467398325560909100e-01 2.107251012188492839e-02
8.813379641882547466e-02 -1.464072186224406880e-01 2.112226711017617733e-02
8.478235021675491201e-02 -1.472766148999746783e-01 2.547537750435098503e-02
8.767899777485470281e-02 -1.461117082442976722e-01 2.473824914138722172e-02
9.139877749687201625e-02 -1.447757825361493944e-01 2.184548987773668807e-02
9.171557463954226053e-02 -1.442553442096116412e-01 2.370178800912696448e-02
9.061393514778524894e-02 -1.444220795478591557e-01 2.574221994884273723e-02
9.419531794872754160e-02 -1.441891113973828853e-01 1.749237948356188385e-02
9.547746656754380057e-02 -1.434439428323376342e-01 1.559660527801736210e-02
9.690335027439082871e-02 -1.425821913371106142e-01 1.375058806076408756e-02
9.693788360136383619e-02 -1.423609539732778595e-01 1.529740431531235664e-02
9.566825660874005155e-02 -1.423023659433561294e-01 2.125473273463368215e-02
9.666814141185907372e-02 -1.418563983410158491e-01 1.904947665224715481e-02
9.773102976571508560e-02 -1.411344277360745969e-01 1.769219827627588684e-02
9.761602851463134500e-02 -1.407142283223725976e-01 1.982311544105641241e-02
9.800077195521984808e-02 -1.416389833683366073e-01 1.394012593934109041e-02
9.864438354151434940e-02 -1.412157524030301092e-01 1.140746228366855929e-02
9.895518348427136124e-02 -1.406443049255818589e-01 1.242184581185257035e-02
9.795450784160332491e-02 -1.401115426827388433e-01 1.974877652345041409e-02
9.849049934593810673e-02 -1.400704849294865939e-01 1.708542663230562877e-02
9.887689036892034766e-02 -1.395157768891588101e-01 1.654884199830912450e-02
9.934157450725361604e-02 -1.400895968852540752e-01 1.188526117785606608e-02
9.998544970673110821e-02 -1.395932132616650445e-01 8.207593661823019138e-03
1.006661648485328714e-01 -1.386159991922840673e-01 5.892081365646739850e-03
1.008081205475783726e-01 -1.382109575366045617e-01 6.108969111959992176e-03
9.877770590881658486e-02 -1.268781608961386809e-01 3.041206158239204496e-02
9.862487616597233331e-02 -1.280454400704626738e-01 3.020967256114379454e-02
9.873341889407259708e-02 -1.302421946276974551e-01 2.732772143799626005e-02
9.916791932295236645e-02 -1.325877588267357354e-01 2.223853713358969406e-02
1.001958130267651126e-01 -1.322221273419147414e-01 1.611440747272511673e-02
1.009007146781071285e-01 -1.259213109451443879e-01 1.796490611408938995e-02
1.015130221989203746e-01 -1.319101411398342361e-01 7.959467753324265399e-03
1.022458668476603910e-01 -1.305246561532819594e-01 3.778167251169713310e-03
1.039250169200746782e-01 -1.253770815288408891e-01 -3.828786564069881770e-03
1.050578286707214148e-01 -1.210531662946833370e-01 -8.109403332919686014e-03
1.032636114439276637e-01 -6.224857814309810167e-02 -6.658519994200814973e-02
1.019545083771496441e-01 -5.154304907158071408e-02 -6.582316013325090198e-02
1.007006981755058789e-01 -4.101928128974183241e-02 -6.482314352354039133e-02
1.006543681585936184e-01 -3.794034521559754708e-02 -6.209626285529260686e-02
9.636709515687306993e-02 -6.393821509282900627e-03 -6.107759561288484546e-02
9.568993879304181494e-02 -4.498772239991627106e-03 -6.345802265537488218e-02
9.384991877570178498e-02 8.544017215299537851e-03 -6.203233665841510758e-02
9.196758884249027488e-02 2.236532230328545923e-02 -6.009530698973108986e-02
9.143858308750500707e-02 2.756430149841152324e-02 -5.823643862980656255e-02
9.176750643659326023e-02 2.694948965235976698e-02 -5.677437401359278907e-02
8.642841683470268987e-02 4.146851293245094883e-02 -6.148013294332584783e-02
7.663452805329507012e-02 6.460037203081397950e-02 -6.326176264063138044e-02
6.998027228141749656e-02 8.088164943926018369e-02 -6.250941061634936180e-02
6.865864758844697491e-02 8.488501104288972976e-02 -5.968505897368733132e-02
5.686228716567556796e-02 1.123561408433200876e-01 -6.175705859206735704e-02
5.449622704165903858e-02 1.172953951498953984e-01 -6.097821344289384993e-02
5.104823251131473949e-02 1.250855601273200002e-01 -5.828243913024006018e-02
4.960093023334897350e-02 1.292880814907060305e-01 -5.469347745028651370e-02
4.510434836432641870e-02 1.379565396905909069e-01 -5.422391646806776211e-02
4.411309689295065534e-02 1.392429061203351581e-01 -5.425713172912575988e-02
4.200643214100612671e-02 1.422446694351562069e-01 -5.269443278030173927e-02
3.977376028758760479e-02 1.457102601454657587e-01 -4.930627844249844266e-02
4.230062445323413273e-02 1.427365716346342128e-01 -4.735982460252217280e-02
3.429818496019878399e-02 1.519050381393743099e-01 -5.041114719574721348e-02
3.317400654129527143e-02 1.533338874945301133e-01 -4.919806523087694866e-02
3.382440616705202630e-02 1.530315890769248510e-01 -4.781231663114167418e-02
3.525793465620604555e-02 1.517822602993920966e-01 -4.707894475603566914e-02
3.158494627417125084e-02 1.555454043900128813e-01 -4.638425811553491263e-02
3.088116497885699807e-02 1.563322238379721285e-01 -4.442396458345113791e-02
3.042643223818199127e-02 1.569153361987681294e-01 -4.256377815761161476e-02
3.138677506385099958e-02 1.561929042707566329e-01 -4.244890871311936265e-02
2.720975827592020044e-02 1.580307494793369016e-01 -4.693151908344292411e-02
2.836458172734746680e-02 1.577798556324166712e-01 -4.518620210209564614e-02
2.650604288390169191e-02 1.589737597382236689e-01 -4.307986686662986647e-02
2.746216789864270105e-02 1.587928551913899144e-01 -4.127411656307984622e-02
2.886597400141347261e-02 1.581820634463788899e-01 -4.152026537270610274e-02
1.926755439520034738e-02 1.597228165977181702e-01 -4.776341638569518017e-02
2.162616744679712877e-02 1.598040094580821802e-01 -4.489187798327614470e-02
2.436636058078641212e-02 1.596720051566949128e-01 -4.298509792734137025e-02
2.507686401226717071e-02 1.592102207633746824e-01 -4.519061762291089190e-02
2.532367185485092168e-02 1.588375376259084093e-01 -4.729695285837667157e-02
1.913199131584259957e-02 1.609077578553031740e-01 -3.966811914894807778e-02
1.682550777118406796e-02 1.615516989580764451e-01 -3.708372140611179701e-02
1.655490883883456443e-02 1.608858779611141709e-01 -4.230748024043986394e-02
1.649500274299781424e-02 1.608025761952861787e-01 -4.288050939698612174e-02
7.888295931230707159e-03 1.608004672898221965e-01 -3.428968527949476097e-02
1.506558805188592685e-04 1.610416074489714466e-01 -2.472052673659464600e-02
6.017499074775433179e-03 1.619417146623249593e-01 -2.375023251326738305e-02
1.244254318403451368e-02 1.626006817165292218e-01 -2.516978950372239857e-02
6.148778439909434977e-03 1.582939013392666572e-01 -4.930851915455394807e-02
-3.919729374888441739e-03 1.567109700786473991e-01 -4.923404843035644740e-02
-4.783260259100702814e-03 1.566496141103041473e-01 -4.875796302185844006e-02
-3.904439810274442160e-03 1.580720049424764184e-01 -4.065594364894484225e-02
-1.747359037081165807e-03 1.597758687507969400e-01 -3.205516813379523378e-02
-2.811915596110574692e-02 1.508752332399848073e-01 -3.997081298632782637e-02
-3.110655235745328137e-02 1.504127239104113001e-01 -3.346879382763275068e-02
-2.145494879156990831e-02 1.544714442824708656e-01 -3.295745015590849369e-02
-5.164287605599828662e-02 1.390940305752359218e-01 -4.032853607565883847e-02
-4.736331373988048737e-02 1.421108198414879620e-01 -3.600455493820552827e-02
-4.274790822862067907e-02 1.450856946116430013e-01 -3.278175196943899222e-02
-3.745956416445761494e-02 1.466217027256882521e-01 -3.877242745640981786e-02
-6.824286180269148461e-02 1.275215436481272613e-01 -4.022908800237208482e-02
-6.694713710495073244e-02 1.286706335128242895e-01 -3.899906889049407216e-02
-6.222542957764617272e-02 1.324079435115110837e-01 -3.809217363767830600e-02
-5.926169246447288846e-02 1.345434080036983782e-01 -3.919335180636507321e-02
-6.253537277755842616e-02 1.318102665223543357e-01 -4.095007005787709708e-02
-7.354089365132980560e-02 1.225124977513527003e-01 -3.950329500627733359e-02
-7.734002094143010986e-02 1.186322435041841372e-01 -3.982641886533958009e-02
-8.908820605500825107e-02 1.058354051486320169e-01 -3.719602062206979476e-02
-9.134308731909453194e-02 1.028925593802114680e-01 -3.722238194036979475e-02
-1.058996095744674792e-01 8.205380545746969456e-02 -3.516949427775727111e-02
-1.077678362023885006e-01 7.833415754204389736e-02 -3.530894565156427606e-02
-1.273453328510667504e-01 3.695486210982914382e-02 -2.791308009261193532e-02
-1.390421133939599152e-01 3.313931664579472178e-03 -2.418736907397713715e-02
-1.393051334472981406e-01 3.644502596061476203e-03 -2.219616689618661085e-02
-1.392012698531961412e-01 6.291772083043259065e-03 -2.020496471839608801e-02
-1.401467844373213978e-01 -2.450366001490100840e-03 -2.271976858092036866e-02
-1.406488357443449189e-01 -4.133074851874872328e-03 -2.058924683591433977e-02
-1.406655751814654132e-01 -1.970655911725844971e-03 -1.829956863167206405e-02
-1.411508870513684122e-01 -1.157085490692421476e-02 -1.668605824182479297e-02
-1.406767128384471544e-01 -1.221828888437222205e-02 -1.964030528041007737e-02
-1.404812436632526529e-01 -1.297927424039748215e-02 -2.036392346774508824e-02
-1.404585070262188984e-01 -2.033434565928057478e-02 -1.318145278043125063e-02
-1.405755512794709117e-01 -2.753830082100891530e-02 -5.088396255739648447e-03
-1.409196323865816725e-01 -2.577617849924539184e-02 -4.236859771353887819e-03
-1.372308931168626234e-01 -3.183262547537471510e-02 -2.269874542957612054e-02
-1.382154883553676217e-01 -3.145611994675496376e-02 -1.685852716680254562e-02
-1.389077365739256331e-01 -2.363372825770861455e-02 -2.031021228170884138e-02
-1.387440327872826451e-01 -1.704359639259578341e-02 -2.793390553406894031e-02
-1.377219385734958779e-01 -2.311467390038161179e-02 -2.831607874612318901e-02
-1.399005697243994040e-01 -3.279362733400122826e-02 -2.584861856788616546e-03
-1.390912772525893792e-01 -3.341206386131923695e-02 -7.226233266573925569e-03
-1.369025628974361031e-01 -3.972329297881806859e-02 -3.656054025909130038e-03
-1.354258018462700941e-01 -4.545701151565963855e-02 3.881042295835464544e-03
-1.367076209486076110e-01 -4.241333370474159592e-02 4.058124451515716068e-03
-1.382152906454803820e-01 -3.870317586390380205e-02 3.813491417691713698e-03
-1.360960383640476001e-01 -3.908310836390255921e-02 -1.153545206577922914e-02
-1.343345750752415746e-01 -4.176207733614009654e-02 -1.358583540315325480e-02
-1.320149767747288150e-01 -4.859044961538917795e-02 -7.589096812973429931e-03
-1.296537934945977966e-01 -5.638924792455702467e-02 9.896167905529539358e-03
-1.307481177205265521e-01 -5.472604644971425236e-02 8.451369952802271351e-03
-1.308225225414282877e-01 -5.456201314659250151e-02 8.042703615856516830e-03
-1.296873382721345225e-01 -5.545230076887926879e-02 4.451962546917721461e-03
-1.277473429551417572e-01 -5.753701972333904319e-02 1.748543451956937125e-03
-1.253906410991217357e-01 -6.160002380962234514e-02 7.792864221668261912e-03
-1.216587351706864273e-01 -6.425882637336038927e-02 2.458783270254695768e-03
-1.143269935184988290e-01 -7.234338137290023674e-02 5.456131064260483568e-03
-1.113788095831225317e-01 -7.604510359188203228e-02 8.456312699983521350e-03
-1.135668649053182960e-01 -7.487894477358576772e-02 1.252498446970132240e-02
-1.167832093511013553e-01 -7.268377189544898698e-02 1.659082239770187303e-02
-1.183552665679218768e-01 -7.105082003335547181e-02 1.634823236604612123e-02
-1.069247353398587175e-01 -8.148634330218509914e-02 1.612706090550911769e-02
-9.946178022583287981e-02 -8.727917709531440860e-02 1.665336462536862530e-02
-9.370697263435130708e-02 -9.250438580214898066e-02 2.308242883566845663e-02
-9.677892295914608534e-02 -9.037841138454970336e-02 2.491935139810822972e-02
-8.677374821156397244e-02 -9.768122148990304732e-02 2.520655796098673213e-02
-6.135016790679041765e-02 -1.102799545384307023e-01 2.336963539854695904e-02
-4.176904657684591543e-02 -1.218275959230415983e-01 3.149122805029831718e-02
-4.957364437603976881e-02 -1.194215324985048177e-01 3.961282070204966144e-02
-5.588994804731134414e-02 -1.160107733302592758e-01 3.861768093622465481e-02
-9.372897581722258731e-03 -1.359222678817985086e-01 2.060393768910242368e-02
-6.068374526225718893e-03 -1.375848762269795411e-01 2.306924817651845316e-02
-3.214036883997432956e-03 -1.398667119390275826e-01 3.229557777492707282e-02
-6.899810505407728833e-03 -1.392679145938430785e-01 4.008165674801517087e-02
-1.823385930849287170e-02 -1.343386116849260015e-01 3.811325711055414678e-02
1.116092179158424853e-02 -1.464437949515819126e-01 5.385116184554158969e-02
7.971597697058708035e-03 -1.444141052490733879e-01 4.422532646829647335e-02
2.392513801574015428e-02 -1.457077210413501578e-01 3.643924749520836837e-02
3.146170711111875157e-02 -1.484235299559119314e-01 4.604952969465649082e-02
3.810996568308307880e-02 -1.493007687256401872e-01 4.603397651685949693e-02
5.315529268303376825e-02 -1.499485981228627085e-01 3.590951680396986534e-02
5.859033748353634219e-02 -1.509053821705612086e-01 3.774208974889014384e-02
5.170561788642100837e-02 -1.512143368210372152e-01 4.697362570766300260e-02
6.862780484603597797e-02 -1.508152923652709698e-01 2.996438049436228948e-02
7.214526145010076441e-02 -1.495678747833149580e-01 2.400705207504096744e-02
7.812881938113058755e-02 -1.486294118518349527e-01 2.286257544104645240e-02
7.780892478356009334e-02 -1.494094432603319533e-01 2.846718942151377219e-02
7.469479634948529567e-02 -1.502621660040412144e-01 3.182964147397456672e-02
8.475776828744016611e-02 -1.469313475335404240e-01 1.741962224505388609e-02
8.700717957797919622e-02 -1.452597763401373976e-01 9.114818431117529055e-03
9.232129183078051360e-02 -1.434933703041501307e-01 3.276115944146207846e-03
9.301571485809827233e-02 -1.435356802200216386e-01 4.237710932434469481e-03
9.431941385462479233e-02 -1.442375503197591280e-01 1.413625414749309153e-02
9.435605608706179592e-02 -1.435798354281741240e-01 8.744771425481273619e-03
9.638897505106207297e-02 -1.422799588228011169e-01 4.902938799734976941e-03
9.504863382209854938e-02 -1.422358036146486038e-01 3.958783066881706343e-04
9.669318466424406400e-02 -1.406767293470908287e-01 -3.333061973438376357e-03
9.850690926657984514e-02 -1.392174326692985631e-01 -6.100407265276661280e-03
9.885046314732461037e-02 -1.394858567928883020e-01 -3.807170283063882141e-03
9.849432173709160576e-02 -1.416535479966973543e-01 9.458372311862283874e-03
9.831163780127259721e-02 -1.415425009433586012e-01 7.462556903369259136e-03
9.905522468721984775e-02 -1.403448403496938279e-01 2.481388100696946177e-03
1.000565593628453542e-01 -1.392520318995673079e-01 -9.569437631108568157e-05
1.004123712565996168e-01 -1.392708143388560471e-01 2.222190438512193760e-03
9.985179782295010298e-02 -1.383930483427618097e-01 -6.384252760071915112e-03
1.004339875376056151e-01 -1.366201178804952732e-01 -1.112513814643972462e-02
1.015576387301431321e-01 -1.348817207452017441e-01 -1.357278655059475543e-02
1.020856559356921323e-01 -1.348373019238662540e-01 -1.164715815207548189e-02
1.023453808242428958e-01 -1.350897115465887754e-01 -9.608176084866205599e-03
1.010930863984013661e-01 -1.382936002694750421e-01 -9.332185766408528332e-05
1.018504470731603911e-01 -1.364830390253352899e-01 -5.113109991645899306e-03
1.028612718233738871e-01 -1.348285367855315275e-01 -7.167908849835175067e-03
1.032305279894611544e-01 -1.305388912651639644e-01 -2.040109292654809087e-02
1.043216888571939227e-01 -1.270292771532934017e-01 -2.400587139748163248e-02
1.050211864382844390e-01 -1.259746926147019275e-01 -2.316718605576712289e-02
1.033562055744564057e-01 -1.334352093067850131e-01 -1.166297494305548049e-02
1.043071901321289269e-01 -1.297567509512029538e-01 -1.646805013948379054e-02
1.053140606845974353e-01 -1.260594442530364179e-01 -2.086999487580934801e-02
1.055443267999479490e-01 -1.259580849841729078e-01 -1.929016107009032602e-02
1.060280569907529474e-01 -1.222773859165353638e-01 -2.756913079209268036e-02
1.056283535020291903e-01 -1.168696909837690368e-01 -3.550052653230952038e-02
1.057969341325576962e-01 -1.082797895124181925e-01 -4.302576026081911253e-02
1.062495579677686930e-01 -1.049893697622121536e-01 -4.345828359082637427e-02
1.066771385505946856e-01 -1.216341697500153418e-01 -2.357077783894013026e-02
1.064997927817314394e-01 -1.130374143359064998e-01 -3.351453071488325053e-02
1.067461393012449355e-01 -1.023171229261411186e-01 -4.236376165501035129e-02
1.003875916173976313e-01 -4.391461078192662043e-02 -6.967323067096595213e-02
9.530466812608731630e-02 -5.602388830621140257e-03 -6.639968216447190985e-02
9.430293803068728886e-02 2.050235968573206526e-03 -6.527879891035590076e-02
5.808433197876783360e-02 1.078045956256420274e-01 -6.547927673602739473e-02
5.818391185864608961e-02 1.083527792396905276e-01 -6.458141023472939446e-02
4.736179985694694700e-02 1.308849842500243166e-01 -5.972980731150158429e-02
4.655165064229218469e-02 1.337540183272048488e-01 -5.781287814802130859e-02
3.762531284613757770e-02 1.460975738145885161e-01 -5.578483602790652862e-02
3.731464470997206823e-02 1.471522242564757554e-01 -5.434313553007950881e-02
3.792682042419382588e-02 1.472548356879585241e-01 -5.295798006000598801e-02
2.838020080844021534e-02 1.533320422022490803e-01 -5.528700253181102753e-02
3.053616122560574159e-02 1.533294060704190886e-01 -5.279671469530573813e-02
3.368600924597702634e-02 1.518024267078915690e-01 -5.179630266582073428e-02
2.699853821304144808e-02 1.563009856757866245e-01 -5.144859687744372800e-02
2.689124764756044630e-02 1.572261361415251413e-01 -4.938556010728569617e-02
2.718985548060369808e-02 1.576922042490691567e-01 -4.792046393946743782e-02
2.907594190167297685e-02 1.568854161024976490e-01 -4.755503016453368342e-02
3.093454664841449250e-02 1.558477028076181159e-01 -4.777000671527018710e-02
1.535177827162254906e-02 1.535850449546333485e-01 -6.385858288694337692e-02
1.881130587872309468e-02 1.551487324528935952e-01 -5.900928657906681640e-02
2.207720960291013543e-02 1.552278164077936229e-01 -5.744006320396354698e-02
2.211602664410688632e-02 1.545940903158616042e-01 -5.878818102182556404e-02
1.840349628462208814e-02 1.576089024832411367e-01 -5.354636468446200004e-02
1.878955779112559399e-02 1.590489553986744187e-01 -4.992214474128220392e-02
1.918339588652759678e-02 1.591878795461154072e-01 -4.943610793512594886e-02
2.195594753873012991e-02 1.587520610513206698e-01 -4.942806773304445067e-02
4.362930931675911873e-03 1.552221487243591325e-01 -5.633677612981279059e-02
1.386934953702203058e-02 1.554246036489031202e-01 -5.948299946891782986e-02
1.354418267579152700e-02 1.531102776120503439e-01 -6.494592136352264622e-02
-4.895946376923988744e-04 1.470913955144985130e-01 -7.259703038691474319e-02
-1.923254933437916914e-03 1.470432861086010123e-01 -7.208647755473948648e-02
-5.272460423452958976e-03 1.482065451818842805e-01 -6.814677853480444192e-02
-7.604909866636988709e-03 1.510945594082408194e-01 -6.092852235789834869e-02
-6.546371130300474885e-03 1.529592931614870976e-01 -5.736638331931505352e-02
2.122350682767384141e-03 1.516072870491758373e-01 -6.399111441469663986e-02
-2.236579824213067239e-02 1.491026322941970406e-01 -5.436409277812800922e-02
-3.151119859335829027e-02 1.466524795648035118e-01 -4.912748280112869126e-02
-2.868678104740050513e-02 1.492580322655755465e-01 -4.636310315759915868e-02
-1.934637284404863364e-02 1.535115627798721016e-01 -4.756148868751717412e-02
-4.754408648012273947e-02 1.371321553640541535e-01 -4.928070796374744988e-02
-5.220766730057579269e-02 1.365746793853049035e-01 -4.484963397070039492e-02
-4.518764823728570884e-02 1.406813773566704395e-01 -4.586078823739265370e-02
-7.204198909279178886e-02 1.236412894009587260e-01 -4.055221186143434520e-02
-7.542019203293683083e-02 1.200552274660181828e-01 -4.095488099846684993e-02
-1.038438880701376965e-01 8.581075463828999328e-02 -3.558033542346277639e-02
-1.036474303455069412e-01 8.624202580567799648e-02 -3.542157438400102276e-02
-1.006577932371039014e-01 9.025547061355730649e-02 -3.595486385321003397e-02
-9.762419863043560186e-02 9.429534264303235380e-02 -3.653382430637378692e-02
-1.002823421612161342e-01 9.029428765475405738e-02 -3.656018562467378691e-02
-1.073335334833959848e-01 7.910423755288266412e-02 -3.548385299848477725e-02
-1.056313831607649661e-01 8.222027718253420436e-02 -3.575524277038327758e-02
-1.379575428558021399e-01 6.324723730918259922e-03 -2.537817572488390225e-02
-1.383465041073186352e-01 5.364315001953497836e-03 -2.495197911126864621e-02
-1.380614723531998767e-01 8.643333481994789139e-03 -2.416133727215588958e-02
-1.401746615314236333e-01 -6.771711007113405054e-03 -2.553469605229015393e-02
-1.397110318458223976e-01 -3.428370910420112591e-03 -2.537553959305390364e-02
-1.393550222421809093e-01 -2.295229643294598339e-03 -2.580173620666915621e-02
-1.372743892920576247e-01 -2.016471057602007427e-02 -3.054347833588172065e-02
-1.371546430036798825e-01 -1.643880184749802603e-02 -3.225735944515623760e-02
-1.345491562062035851e-01 -2.739370899013341201e-02 -3.378868842520325877e-02
-1.359409020058520989e-01 -2.678482844069915436e-02 -3.105238358566322562e-02
-1.354933527244138458e-01 -2.383486511633762031e-02 -3.327978317542174685e-02
-1.316532335843570711e-01 -3.786495184525954377e-02 -2.974380774525120855e-02
-1.337154136116703307e-01 -3.533255180277001389e-02 -2.791459586841418469e-02
-1.351152655166960870e-01 -3.113345741076295817e-02 -2.966749172877270954e-02
-1.336860207417658319e-01 -3.019538989905744958e-02 -3.418727155789925976e-02
-1.231643618653909394e-01 -4.017242393935432226e-02 -4.217059909516711336e-02
-1.263309493228827463e-01 -3.945157369044081236e-02 -3.752092387011730229e-02
-1.296456214859247891e-01 -3.561277261629901963e-02 -3.622269484713803306e-02
-1.297738033961585435e-01 -3.263842507250998282e-02 -3.944246626430007729e-02
-1.311569158640638055e-01 -4.518812606899963447e-02 -1.882870619324882033e-02
-1.274880793896612519e-01 -4.564879010629214334e-02 -2.504529817805064770e-02
-1.220215987170859273e-01 -5.552037887338901606e-02 -1.650910789273603990e-02
-1.240154370267064488e-01 -6.019582228707707344e-02 -3.585537499456629019e-03
-1.191124295327936206e-01 -5.194525688554297443e-02 -2.898473358480269796e-02
-1.174931196529203775e-01 -5.178814342847497254e-02 -3.113061079771847414e-02
-1.082304114352577451e-01 -5.468518640634925654e-02 -3.683183900975529196e-02
-8.306635830914768648e-02 -6.929482671809669703e-02 -4.064948512596133767e-02
-8.708197792578674379e-02 -7.924853099169806847e-02 -1.876504360955431883e-02
-1.003043538619966396e-01 -8.588439974406139599e-02 1.071455503215304993e-02
-7.885988274801662701e-02 -8.757521469982341988e-02 -1.117272032597122454e-02
-5.202452204168655364e-02 -9.114045119330696498e-02 -3.512744797506876793e-02
-4.557680719868946462e-02 -9.378870922972498692e-02 -3.663709477081403265e-02
-4.071993201180165722e-02 -1.082422905371364097e-01 -8.248788803430936317e-03
-3.743373007252361745e-02 -1.217271593003185770e-01 1.974027499829866111e-02
5.768027887252457492e-02 -1.259682340917183951e-01 -2.991139982634345371e-02
2.441012036916441474e-02 -1.307412143831164497e-01 -5.381863631714399292e-03
1.896756259294634858e-02 -1.162602173046730358e-01 -3.423459012424776016e-02
2.066206813327036915e-02 -1.032489296247503796e-01 -6.297963063152561825e-02
5.550711769516829958e-02 -1.097540462383457122e-01 -6.389700450836562073e-02
1.489585927162404358e-02 -1.421564560465655991e-01 2.537316149264273388e-02
4.486149471948766565e-02 -1.357208674099865120e-01 -1.621685189402352406e-03
7.733738670246882718e-02 -1.327852710040984818e-01 -2.112675411605135015e-02
7.818661657150333122e-02 -1.399744638275788322e-01 -4.095365395378637932e-03
7.347110395399927829e-02 -1.461948782035341621e-01 1.272519868218982379e-02
6.523813473243042504e-02 -1.488049123284171937e-01 2.217447913012069241e-02
9.245323022887201592e-02 -1.379174242573340536e-01 -1.405882335675101222e-02
9.464998478610679722e-02 -1.337558947439045076e-01 -2.326564557961762619e-02
9.698895865557007057e-02 -1.367879735747705439e-01 -1.505112928085877363e-02
9.320215528177501485e-02 -1.266615367630083977e-01 -4.029703430029032973e-02
9.235292541274052469e-02 -1.234199513549531224e-01 -4.764142938526191862e-02
9.270122433077927770e-02 -1.227494512239926255e-01 -4.893629734015793320e-02
9.422912633944728611e-02 -1.231390715084666188e-01 -4.744273094857567180e-02
9.704234032512758235e-02 -1.264213851532954014e-01 -3.916929710341632287e-02
9.880268325790585171e-02 -1.353286768969782783e-01 -1.781847457269705726e-02
9.877599242312708194e-02 -1.322680619390524948e-01 -2.510395211126814977e-02
9.892183641662184723e-02 -1.318498396242229753e-01 -2.591897816980840916e-02
9.987427084680086664e-02 -1.334059482434719890e-01 -2.108114903539234919e-02
9.918472466336859805e-02 -1.275638187851216854e-01 -3.497138897073277103e-02
9.752079825227256971e-02 -1.247427623072471514e-01 -4.178223097331235786e-02
9.614849392487030688e-02 -1.217447554802838505e-01 -4.856209842688943845e-02
1.001371590935476036e-01 -1.291199274043706990e-01 -3.013355983631671106e-02
1.012127008801876199e-01 -1.276634645682956926e-01 -3.087167674871671777e-02
1.025846756911111407e-01 -1.278396240778354176e-01 -2.787169282288093353e-02
1.027025107839121404e-01 -1.305833100864994545e-01 -2.232672132506736268e-02
1.018367391876443817e-01 -1.186857881047518187e-01 -4.250149954312786027e-02
9.935857755755710119e-02 -1.171466166325105529e-01 -4.857422463330744039e-02
9.762090535851682127e-02 -1.153558263770957798e-01 -5.365563234881549903e-02
1.005462208502678617e-01 -1.109186892808397135e-01 -5.372410587309975338e-02
1.039470945241509209e-01 -1.240587520006578848e-01 -3.147647129381447167e-02
1.037886630011679162e-01 -1.177237976966890587e-01 -3.950151561729207950e-02
1.047175040514684158e-01 -1.116337400397272306e-01 -4.465403298891439110e-02
1.048860846819969356e-01 -1.030438385683763725e-01 -5.217926671742398326e-02
1.044043974933601543e-01 -1.031575876568408684e-01 -5.316794796026549919e-02
1.043304539955286769e-01 -1.030142479885846341e-01 -5.338859219443649329e-02
1.048781103832111677e-01 -9.795584052329331382e-02 -5.437588946806725526e-02
1.055222491958716785e-01 -9.279594198254698112e-02 -5.519888982539326167e-02
1.064959044872821892e-01 -9.426907835244675848e-02 -5.230751453095347503e-02
1.061552503515504342e-01 -9.238358506103924728e-02 -5.385096971741849814e-02
1.062027666277861743e-01 -8.700660106409241479e-02 -5.579228310032627314e-02
9.913378141575385216e-02 -3.339084300008773876e-02 -6.867321406125544148e-02
9.975347010569111939e-02 -4.264102959155785522e-02 -7.026346058770296943e-02
9.778408191879384148e-02 -2.707084874425415982e-02 -6.879381709247794907e-02
9.644090684811308656e-02 -1.284667680934848191e-02 -6.685711694027267338e-02
8.838205413391571341e-02 2.509800246155924341e-02 -6.512616687739888888e-02
8.291886862612789233e-02 4.549599514232500336e-02 -6.512339893897739485e-02
8.695742258968795768e-02 3.626953373732488134e-02 -6.333900130325037514e-02
5.363447554643201859e-02 1.133348706885033419e-01 -6.680505333663017131e-02
5.018450391721523268e-02 1.205935255857041866e-01 -6.512834168615865005e-02
5.136799530229375216e-02 1.223926196563834556e-01 -6.227136791210036160e-02
4.617830847186842752e-02 1.290858901793450197e-01 -6.258678108555987274e-02
4.555802665226942744e-02 1.257271287114462566e-01 -6.577083291642540908e-02
3.519216316704754099e-02 1.356842599564266338e-01 -6.609791097323265696e-02
3.177969051311250320e-02 1.454298416220494994e-01 -6.103014523994484963e-02
4.034415331230386398e-02 1.431984219312502082e-01 -5.596237950665702843e-02
1.620100814065706177e-02 1.487719295561235333e-01 -7.061255034529070884e-02
1.631212109729156257e-02 1.500867662096317945e-01 -6.894901935396918757e-02
1.924343378895584586e-02 1.520124605114468175e-01 -6.429723522345538733e-02
2.550760795328917488e-02 1.507504123978342936e-01 -6.079605673344085082e-02
2.906085004694622040e-02 1.483289935053877795e-01 -6.085260176119434983e-02
8.209904014490711222e-03 1.452163149438195078e-01 -7.714844379800130103e-02
1.103161952532274656e-02 1.470804555674040115e-01 -7.416341992030076047e-02
1.356889641169777699e-02 1.473121056519652583e-01 -7.312504759246374331e-02
1.102984013633749594e-02 1.487312013193500260e-01 -7.221920679237998908e-02
1.187063438351600685e-02 1.498029207148365571e-01 -7.060464194980071995e-02
1.378604777119403144e-02 1.511034563531670760e-01 -6.841322555952168705e-02
1.559364336702505349e-02 1.515782236957500806e-01 -6.732588708294241775e-02
3.890931527514405672e-03 1.462293145027927510e-01 -7.491623326765302349e-02
7.952749354474207208e-03 1.466454938154539978e-01 -7.542672019653252902e-02
7.613479187953202734e-03 1.450861559347132179e-01 -7.737093332445330041e-02
4.940120513763636119e-04 1.429763937278684671e-01 -7.790448640684530246e-02
-1.470894711409911166e-03 1.447793760929969864e-01 -7.525075839688002977e-02
2.909631453796893488e-03 1.439172950812912244e-01 -7.756996127761829618e-02
-3.646580836784334839e-02 1.400628749260567074e-01 -5.580032330240777827e-02
-2.794938907125374405e-02 1.436890060648132461e-01 -5.827255363587756365e-02
-1.868397881846537573e-02 1.448248493670644954e-01 -6.432643038347263253e-02
-7.482528298220157692e-02 1.190069696438186553e-01 -4.250611277383035957e-02
-7.017303752861751842e-02 1.235043423523902173e-01 -4.263014277643186606e-02
-6.192524006550492038e-02 1.268789865145647788e-01 -4.652970668925516390e-02
-5.084696195322552931e-02 1.298097060765673050e-01 -5.304932202791549228e-02
-5.272639214142405689e-02 1.245009978940174872e-01 -5.579340345635402931e-02
-9.400123084987506428e-02 9.889150439193315767e-02 -3.724874325866979474e-02
-9.011280459403352150e-02 1.036814218303389601e-01 -3.807246855224906412e-02
-8.860473947738625733e-02 1.051796673559194928e-01 -3.867956971269806421e-02
-8.736015573714749072e-02 1.061352651442945133e-01 -3.940536270879282932e-02
-8.676524668641223681e-02 1.050870073220949996e-01 -4.095659448415634590e-02
-1.367577074533775916e-01 4.591335246101738155e-03 -2.739119189356768042e-02
-1.342409264919808276e-01 1.281494619967409217e-02 -2.774805824005393065e-02
-1.297578547985870079e-01 2.357952462418347675e-02 -2.956922991480945631e-02
-1.261323167894922437e-01 3.168470735529307220e-02 -3.122537973700697730e-02
-1.386560518874563885e-01 -1.308649890258273447e-02 -2.967836577257145989e-02
-1.388424923111331311e-01 -1.232155934881247472e-02 -2.923714320752520204e-02
-1.384813422504231339e-01 -8.744723875276930181e-03 -2.878056517456919691e-02
-1.378014838514661222e-01 -3.793541072170867473e-03 -2.838303649460519398e-02
-1.366016484490416016e-01 -5.526929556987389240e-03 -3.039605266328896868e-02
-1.309493863857470464e-01 -3.025687767399219685e-02 -3.883022464678256847e-02
-1.314541397278962964e-01 -2.976075766358619173e-02 -3.830102118191006100e-02
-1.323172751923340773e-01 -2.695907675466215764e-02 -3.790243804921406001e-02
-1.262825763038022409e-01 -3.330411426288074073e-02 -4.323704622699361955e-02
-1.281897517795115016e-01 -3.218804194935447754e-02 -4.140506641173510166e-02
-1.293653347691000322e-01 -2.980649455083669505e-02 -4.079282479421759283e-02
-1.215450519855176686e-01 -4.001531048228632037e-02 -4.431647630808288607e-02
-1.229326458775339276e-01 -3.743618500311003683e-02 -4.471855231545364406e-02
-1.196521116216903852e-01 -3.958924567526256322e-02 -4.692433562420617044e-02
-9.629268844310258368e-02 -4.843149086604017772e-02 -5.969982131193533187e-02
-1.040269015224354471e-01 -4.506541413231313770e-02 -5.620437640865103002e-02
-9.941749321108887816e-02 -4.491759303994588559e-02 -6.001114848105833233e-02
-8.723744380046098701e-02 -4.775459811539192051e-02 -6.748748196412143741e-02
-5.328380221687756269e-02 -7.656007194487253475e-02 -6.160686498105309716e-02
-6.573873427407871117e-02 -6.491383922981963650e-02 -6.558775356083190733e-02
-4.420582093720219069e-02 -7.019664741713969869e-02 -7.649178335914828819e-02
-2.729318995547098600e-02 -7.581114689196952194e-02 -8.330143910240436766e-02
-1.746496555697761230e-02 -9.416956437586425366e-02 -6.554353244938364298e-02
-1.945498147544463471e-02 -8.548957309922315673e-02 -7.482442997667326789e-02
-8.139583305056746071e-03 -7.877251148649580537e-02 -8.593058518305490834e-02
1.654528695765506568e-02 -8.329248902550961953e-02 -8.831648219909218889e-02
8.227809088155063622e-02 -1.115822695657464753e-01 -6.960726147192020097e-02
5.292660824678126208e-02 -1.062363919243936583e-01 -6.896542927461093986e-02
4.077641302912811405e-02 -9.557126157317101522e-02 -7.971484994109782896e-02
5.905067200435009517e-02 -9.085186066121771209e-02 -9.060246981877245753e-02
6.039799898266310502e-02 -9.109214407752222464e-02 -9.063851892154771439e-02
6.350138517953064776e-02 -9.333311974620525642e-02 -8.852249590160668480e-02
6.910389025453396450e-02 -9.775022224055329723e-02 -8.421841755946989083e-02
7.650318278486532841e-02 -1.040716663688933674e-01 -7.789829149704480260e-02
8.981446226704199731e-02 -1.180831024651180505e-01 -5.936641653873607483e-02
8.724199302073645801e-02 -1.163536681780465432e-01 -6.228705289648885784e-02
8.501782269246967172e-02 -1.140624741980020146e-01 -6.584952145155090197e-02
8.666520737633244542e-02 -1.140322245852527505e-01 -6.546187826594940251e-02
8.392547556541340992e-02 -1.115520199529972112e-01 -6.921961828631870151e-02
8.498730946653741680e-02 -1.111593022136229680e-01 -6.934285744937120077e-02
9.297235048949477332e-02 -1.197252148853208270e-01 -5.506859900969551802e-02
9.160367084335875598e-02 -1.182981449191503054e-01 -5.787285014715380649e-02
9.184520642228251319e-02 -1.173299596012870594e-01 -5.883892655955307721e-02
9.347275421412452878e-02 -1.185268952586985697e-01 -5.610314894637903615e-02
9.064583234292825087e-02 -1.132775000423237588e-01 -6.353908370914737591e-02
8.947921220156172806e-02 -1.124860014603662473e-01 -6.510600046889940262e-02
8.815765341188695758e-02 -1.108395394226439623e-01 -6.748102344113793283e-02
8.869054746132147560e-02 -1.088661311347059318e-01 -6.863373798710119267e-02
9.639806970587556922e-02 -1.140897581624425172e-01 -5.617162247066329051e-02
9.520113404846405891e-02 -1.100928550817964480e-01 -6.080330609597335567e-02
9.525734955973881590e-02 -1.072522912283799257e-01 -6.300908940472588204e-02
9.933155720629960328e-02 -1.067378501017554326e-01 -5.854170269572056551e-02
9.987921359398210797e-02 -1.016794426364641124e-01 -5.952899996935132748e-02
9.885652625053359399e-02 -9.097450669460846462e-02 -6.396165564149638993e-02
1.055697654721074324e-01 -8.741895798560017639e-02 -5.714020320830103666e-02
1.039029393159983938e-01 -8.187392058449084742e-02 -6.074985852312008577e-02
1.028793293264094050e-01 -7.012942605547470287e-02 -6.512834168615863617e-02
1.048191269335149306e-01 -7.087044271288771291e-02 -6.240824905737310524e-02
7.743044215606784131e-02 -5.131627583090496436e-02 -8.955684812840294939e-02
7.269792648826027548e-02 -4.766793528148066672e-02 -9.243807431529724172e-02
6.865680229616598351e-02 -3.816263703216229985e-02 -9.358459395146001558e-02
7.673845755069282071e-02 -4.539039153694877926e-03 -8.047016761368859517e-02
9.088809285810525718e-02 2.411320125987458964e-03 -6.818375028372018753e-02
9.664784319676807123e-02 -1.982656076552681904e-02 -6.833638231667718554e-02
6.947301461402972944e-02 3.274713438607883276e-02 -7.837806749010481355e-02
4.854272101349121210e-02 3.496893219569862515e-02 -9.066448482007322118e-02
3.491161283703978629e-02 8.177800016475594846e-02 -8.712910251956443308e-02
3.358517720347952568e-02 9.920342469071792568e-02 -8.351167061584688356e-02
4.507864607898391662e-02 9.937569590580842827e-02 -7.641072230537579446e-02
5.713018406289931822e-02 9.916414632645091654e-02 -6.906474554130620502e-02
6.120043751171511809e-02 9.526425289714886280e-02 -6.755740536091217607e-02
6.565029394405093310e-02 8.973397783428754826e-02 -6.623162876030941337e-02
8.515893016657963277e-03 1.291693237517645421e-01 -8.762864950134943709e-02
9.007531602952971450e-03 1.342705683592933796e-01 -8.419456056640839403e-02
1.203466768663775943e-02 1.370707993957109017e-01 -8.061647293025359096e-02
1.466677941559704074e-02 1.385306232998691489e-01 -7.810397568308055649e-02
2.450897531278941471e-02 1.287542647951310515e-01 -7.806357696278580505e-02
5.719418468098178693e-03 1.329482846333653323e-01 -8.653682960065917085e-02
5.830136004958180219e-03 1.355647113779361312e-01 -8.490216425287613888e-02
6.432294418225937248e-03 1.360531207027393663e-01 -8.444914499789063500e-02
6.923735294633693617e-03 1.324176971992820639e-01 -8.655633697620115918e-02
6.094935447281682288e-03 1.404292313471309506e-01 -8.172457094499410712e-02
6.481590083446938343e-03 1.417648934420961959e-01 -8.062016351481558762e-02
7.123619990643446920e-03 1.425175749828569427e-01 -7.991064863277108632e-02
7.720044817180953672e-03 1.426477339919632048e-01 -7.968815910631907307e-02
3.482528803751650665e-03 1.395587806168649136e-01 -8.205738258853159661e-02
4.377166043557911661e-03 1.404464321073216893e-01 -8.156020812539360731e-02
5.492777034013925259e-03 1.399408220223276877e-01 -8.217759019997961101e-02
3.703502554401403701e-03 1.361120382491398939e-01 -8.430943001090063227e-02
4.487422257347663604e-03 1.335787155605098475e-01 -8.606430297013165087e-02
-2.750849602268623864e-02 1.280556898601810378e-01 -7.037351909160546870e-02
-1.428374756782932117e-02 1.358900100457581528e-01 -7.368331441076200750e-02
-5.847400775575966290e-03 1.383528821112313956e-01 -7.735116233572829347e-02
-2.448833717044173255e-03 1.365980091520003770e-01 -8.051544317786885063e-02
6.504005721911155407e-04 1.343171619893885893e-01 -8.381884587733762215e-02
8.713743228408683600e-04 1.308704196216635418e-01 -8.607089329970665781e-02
3.900825539786122610e-04 1.269466032960042678e-01 -8.818467560759218893e-02
-7.102029029877952870e-02 -2.036848356647907518e-02 -8.331527879451186558e-02
-8.202699743187441550e-02 1.259015005787083620e-02 -6.817452382231518893e-02
-9.088103931259126911e-02 4.853565285220228648e-02 -5.359592396286599891e-02
-8.876205064434149195e-02 5.213852012755908205e-02 -5.398066740345450198e-02
-8.037796516561789006e-02 6.118572456811919441e-02 -5.682755797326304037e-02
-6.206963418649317360e-02 7.317162286946758687e-02 -6.502072160419888891e-02
-3.685173806775535882e-02 7.672631483563113752e-02 -7.960083723945032830e-02
-2.211154332712716997e-02 7.603189180831337879e-02 -8.882815538729518789e-02
-1.011211593095221462e-01 -2.770404760982016906e-02 -6.283800444895887294e-02
-1.114530166941370276e-01 -2.689884114234665849e-02 -5.474455250449276889e-02
-1.139002037752218227e-01 -2.454754335657812619e-02 -5.238336922436173659e-02
-1.156845355076530774e-01 -2.203221226768784652e-02 -5.049701919010946699e-02
-1.164874353597753487e-01 -2.005583833144107195e-02 -4.947459545984395080e-02
-1.164278587804173370e-01 -1.486008839780675501e-02 -4.845203992298693918e-02
-1.107702585501670195e-01 8.878608247822290106e-03 -4.791242373738593269e-02
-1.024100959678006656e-01 3.495529021347836690e-02 -4.896595382324544360e-02
-9.893481747301588469e-02 4.212280085265695390e-02 -5.015893528291195946e-02
-9.850051475402336887e-02 4.289288086349572066e-02 -5.033384262983246066e-02
-1.150427033103438301e-01 -3.944142458289531111e-02 -5.073110769661346581e-02
-1.183926337366121295e-01 -3.571202297969851974e-02 -4.892740039523169049e-02
-1.096008045670832654e-01 -3.409271309982524895e-02 -5.600653471480952772e-02
-8.261043930914917233e-02 -4.722552645711091540e-02 -7.065341038865571854e-02
-8.891474858059424113e-02 -4.065911977846808217e-02 -6.845250392378868232e-02
-8.043510332303313581e-02 -3.427045428846300229e-02 -7.528397365793801366e-02
-7.269054342626754539e-02 -3.186603844631997334e-02 -8.065080854733934490e-02
-4.549264869001671402e-02 -6.153655893581509023e-02 -8.558584504298666351e-02
-6.257972569559817899e-02 -5.572467909021401600e-02 -7.866270382444906506e-02
-5.795272120428637125e-02 -5.519560743193301089e-02 -8.182863224898336008e-02
1.091121420398749597e-02 -6.784666769728617264e-02 -1.020123074119701212e-01
-4.613888789023201827e-03 -6.770095551038292359e-02 -9.815320812273732598e-02
-1.721611471222560946e-02 -6.618188454334540671e-02 -9.588079658198155053e-02
-1.757074034665636122e-02 -6.542623735427588461e-02 -9.625460007547553820e-02
-1.330725843470155836e-02 -6.346159420467262224e-02 -9.854526682915407121e-02
2.458680710507016656e-02 -7.409146629266900874e-02 -1.005391051387745927e-01
3.414911170521228029e-02 -7.365545008798700388e-02 -1.028397232901113872e-01
4.164646833961963002e-02 -7.521531519509377928e-02 -1.031842657202923785e-01
4.559440527152342632e-02 -7.909128572803857116e-02 -1.010218467801433651e-01
7.610848794661856376e-02 -1.033251138346373693e-01 -7.859904124075456355e-02
5.356468395623276840e-02 -8.441607431475138534e-02 -9.716017726237630159e-02
8.552020351597193482e-02 -1.091858939256849514e-01 -7.049557199533446061e-02
8.388382468249941382e-02 -1.080757529087761903e-01 -7.218197143028123874e-02
8.348912984425266304e-02 -1.073292003745201784e-01 -7.288272117399099970e-02
8.501353897824592831e-02 -1.068590462626396592e-01 -7.223541900313448783e-02
7.763289708061184291e-02 -1.028549597227568502e-01 -7.795173906989805168e-02
7.041009357629898768e-02 -9.700366970629728525e-02 -8.387479777542937442e-02
6.531741639721767856e-02 -9.237541305236623979e-02 -8.817887611756618227e-02
6.291220971552564933e-02 -8.981816746737894541e-02 -9.030610269778470423e-02
6.706780793233770022e-02 -7.934000476619906816e-02 -9.041945636647470697e-02
7.260697994012527134e-02 -6.953240809927543897e-02 -8.951275882354620128e-02
9.418418029174578654e-02 -9.641759169719253675e-02 -6.760604199317568619e-02
9.349423868853902475e-02 -9.649324868071353090e-02 -6.811988999013843249e-02
9.163009806495450715e-02 -9.606645893743652465e-02 -6.963810421433121178e-02
8.460994719507292094e-02 -7.738847637245004074e-02 -7.886515874899306666e-02
8.943340941101547703e-02 -5.917234410407955919e-02 -7.890924805384982865e-02
1.005116875232948681e-01 -5.970846741500581562e-02 -7.029832343115471893e-02
1.010994790180891334e-01 -6.058834231656407693e-02 -6.966644263150370553e-02
1.013238138368221380e-01 -6.150756148568508469e-02 -6.930529257079369454e-02
4.812693712060445855e-02 -3.451429648273800221e-02 -1.067570810927871705e-01
3.962270993372860040e-02 -3.142053216704996516e-02 -1.097488930099499715e-01
3.278656106558101163e-02 -2.199715171434884348e-02 -1.109636884605097462e-01
2.753663862284019825e-02 -3.394957939474863018e-03 -1.099466028971999576e-01
2.548421228329792593e-02 1.323376164416534620e-02 -1.079437358360616772e-01
2.516563575164242408e-02 2.281484868359621651e-02 -1.064318483282609140e-01
2.638972356690293813e-02 3.260814433534209300e-02 -1.042445179423183987e-01
1.248933452401701505e-02 6.298593899482621272e-02 -1.044308265594036389e-01
1.205549312809475748e-02 8.473527875494574202e-02 -9.968071471163082731e-02
1.232477399452926170e-02 1.011665520645189387e-01 -9.595902379403678517e-02
9.406180638944725350e-03 1.209459105080794294e-01 -9.163978769387748358e-02
8.145516494542958882e-03 1.244387192795337327e-01 -9.040930725892921960e-02
8.299598400006460291e-03 1.252692985158709860e-01 -9.003879893022270764e-02
9.891756122030730819e-03 1.220209250683534641e-01 -9.111111145537097167e-02
3.670287293343403329e-03 1.280544376975617793e-01 -8.866880121817169447e-02
4.935498765151919223e-03 1.294449313345910624e-01 -8.830989186951718195e-02
6.167494975902433445e-03 1.288145004074465472e-01 -8.878241850004470193e-02
1.259940154582873170e-03 1.042029146096087322e-01 -9.367554049959500584e-02
2.882742909130893601e-03 1.064642543966785038e-01 -9.353325528407074874e-02
6.162947648495683585e-03 1.075720887982360152e-01 -9.401738089465025427e-02
9.136899772510222867e-03 1.045146371985062328e-01 -9.536147861147152571e-02
4.862346106869417858e-03 5.113882478103495312e-03 -1.122150602402107455e-01
1.797249724832629793e-03 2.452905105605710824e-03 -1.114020112805429730e-01
-1.727569129158360722e-02 2.240828299882207872e-03 -1.035381005151741196e-01
-1.713683304743835595e-02 4.756707211456453338e-02 -9.581884748397653806e-02
6.234650434271685020e-03 7.573809491585987985e-02 -1.006662325962763560e-01
1.126524670875649926e-02 5.319264334308034664e-02 -1.066181569453461681e-01
-1.629603880025984677e-02 -4.754528924808991419e-02 -1.014261634995696076e-01
-3.249052156820330522e-02 -4.369805255209211620e-02 -9.537828395188777120e-02
-4.813734794846424858e-02 -2.933930608726494083e-02 -9.136075313967197131e-02
-4.646709482097622496e-02 -1.784175120742404613e-02 -9.402522338684450587e-02
2.214680348322213901e-02 -5.785902322637354739e-02 -1.084315520312031933e-01
6.551513480237690888e-03 -5.956367787424306226e-02 -1.045762751331238971e-01
3.562733114679402478e-03 -4.364737291766036809e-02 -1.074571718035394335e-01
8.111444490640211391e-03 -2.809050453609817158e-02 -1.119376732683989850e-01
1.884939798366659300e-02 -3.817931056598704992e-02 -1.120823310025702291e-01
2.047351880412961664e-02 -6.741065149260418166e-02 -1.043129255633069019e-01
2.445256209162741459e-02 -6.326395022071837348e-02 -1.067132554011134271e-01
5.046129775936523953e-02 -8.217509864606835357e-02 -9.927620028231731730e-02
4.745156014575845072e-02 -7.912041498476007906e-02 -1.010578958829186080e-01
4.584727621731617825e-02 -7.650174752813379553e-02 -1.024178762940156223e-01
4.928083792589122575e-02 -7.910723432561006518e-02 -1.007495343621043343e-01
4.111515596928311950e-02 -7.270400420724423829e-02 -1.046824453425771601e-01
3.759684262237358160e-02 -6.699743782825166860e-02 -1.067382327502026662e-01
3.529108401396829908e-02 -6.159251083390684250e-02 -1.084565293802924463e-01
3.755005128239107676e-02 -5.868090322767180456e-02 -1.086019120507169394e-01
5.343643614270326969e-02 -6.862907162443018794e-02 -1.008628880307943371e-01
4.874352835564146891e-02 -5.740541084172628983e-02 -1.047324000407556382e-01
4.666849718565694444e-02 -4.625187116570039780e-02 -1.075055448226199251e-01
5.216806131269875052e-02 -4.401959473205636908e-02 -1.056105614566243966e-01
1.438866750753203805e-02 1.472791291211699924e-03 -1.141368003442807671e-01
1.023188303139648675e-02 3.206641099098471708e-03 -1.138178283928507617e-01
9.913306499740981437e-03 1.810151087485190741e-02 -1.118149613317124813e-01
1.810370219225533248e-02 -3.059423664493645181e-02 -1.131791595537375017e-01
1.043084508126573828e-02 -1.784445324254979245e-02 -1.138475507792340025e-01
1.548180547413730013e-02 -1.539555267577551179e-02 -1.148349139561605226e-01
1.963858995027285489e-02 -1.712940248366228574e-02 -1.151538859075905419e-01
3.547502011240655229e-02 -4.752736355164591253e-02 -1.113750568325812262e-01
3.247035705257251409e-02 -4.688764025980065447e-02 -1.118548987289369745e-01
3.172466126116124663e-02 -3.930256633875005984e-02 -1.129517272801042471e-01
2.544770185745242469e-02 1.583215148201858880e-01 -3.194735034194823298e-02
2.147716009510637972e-02 1.596232367178399003e-01 -2.909914170622469876e-02
1.988618863240560614e-02 1.598554140287671566e-01 -2.618133919018916442e-02
1.778677324299358237e-02 1.591646156827156433e-01 -1.620865476741178632e-02
1.689892404264957057e-02 1.567023367469041195e-01 1.332561849182933725e-03
1.791660273562108163e-02 1.541190593600955949e-01 1.441469557203684665e-02
2.127398023430912555e-02 1.517613030513435823e-01 1.972452411061441369e-02
2.511548334357667153e-02 1.502244381944535523e-01 1.867191667089539847e-02
2.866035571867346643e-02 1.511519611788390560e-01 3.299116194362956660e-03
