402
0.00000000	0.00000000	0.00000000
-0.33675200	3.78275600	84.75690000
18.08934800	3.78275600	84.61270000
-0.33675200	22.40425600	81.77600000
-17.69705200	3.78275600	84.89120000
-0.33675200	-15.11524400	86.75190000
37.70724800	3.78275600	84.14170000
24.74294800	29.76185600	81.17190000
-0.33675200	41.34755600	78.36190000
-25.12845200	30.78765600	79.88850000
-34.89025200	3.78275600	84.10940000
-24.81375200	-20.40364400	86.86910000
-0.33675200	-34.96804400	86.72760000
27.45464800	-26.12164400	85.58390000
57.15514800	3.78275600	81.98710000
46.48144800	30.89585600	79.47990000
25.40984800	49.66215600	76.28010000
-0.33675200	60.55055600	74.34070000
-27.18585200	56.28635600	75.42670000
-46.98735200	32.78575600	78.31270000
-52.48475200	3.78275600	80.81140000
-44.25305200	-20.39364400	82.52310000
-26.32325200	-40.72974400	83.51610000
-0.33675200	-55.86524400	83.74380000
29.83664800	-53.65214400	83.82610000
51.69094800	-28.91524400	83.45580000
74.11614800	3.78275600	76.58450000
65.91934800	30.92655600	73.73850000
48.10714800	51.67805600	71.17060000
25.38854800	67.60885600	69.27420000
-0.33675200	79.05015600	68.98070000
-28.03805200	79.60485600	70.58240000
-52.54235200	62.21615600	72.83420000
-67.28315200	32.81495600	74.00470000
-69.96745200	3.78275600	73.81420000
-62.25355200	-20.27414400	73.58270000
-47.16465200	-41.09784400	74.31850000
-26.75205200	-60.92394400	75.76630000
-0.33675200	-76.84324400	77.48750000
30.29784800	-78.18504400	79.30440000
56.15024800	-59.04244400	80.25930000
70.77134800	-28.07854400	79.19500000
87.01834800	3.78275600	67.27060000
82.05504800	30.42985600	63.65590000
67.99664800	52.69765600	61.22960000
48.05984800	70.22145600	60.01040000
25.19694800	84.44325600	60.05860000
-0.33675200	95.27825600	61.47910000
-28.01545200	98.10825600	63.88040000
-54.31775200	86.68165600	66.14200000
-74.21785200	61.65725600	66.93190000
-84.72935200	31.62395600	65.71230000
-85.86245200	3.78275600	63.32600000
-78.90245200	-20.20944400	61.40720000
-65.56685200	-41.34834400	61.13920000
-47.92135200	-61.24934400	62.60350000
-26.62615200	-80.70454400	65.17960000
-0.33675200	-95.98094400	68.33660000
29.74704800	-98.12294400	71.65600000
56.48994800	-82.44944400	74.08390000
74.10204800	-55.32434400	74.09840000
83.72114800	-25.34844400	71.33880000
96.28554800	3.78275600	54.78610000
94.46124800	29.60305600	50.82110000
84.45024800	53.13795600	48.30990000
67.78784800	72.47075600	47.28380000
47.46044800	87.53635600	47.59160000
24.76564800	99.34265600	49.08480000
-0.33675200	107.79105600	51.49310000
-27.12315200	110.23055600	54.24940000
-53.17235200	102.65355600	56.51260000
-75.18565200	83.79735600	57.43260000
-90.51135200	57.59065600	56.52870000
-98.20545200	29.82985600	54.00930000
-98.76745200	3.78275600	50.80820000
-92.99895200	-19.93064400	48.17740000
-81.65965200	-41.40664400	47.07300000
-66.04365200	-61.03824400	47.79260000
-47.53715200	-79.84094400	50.02790000
-26.06225200	-97.85634400	53.22270000
-0.33675200	-111.18234400	56.93650000
28.58614800	-112.61664400	60.78730000
55.01544800	-98.85664400	63.98230000
73.55944800	-75.01334400	65.21560000
84.75884800	-48.47464400	63.56420000
92.10584800	-22.31014400	59.53800000
103.86624800	3.78275600	40.65070000
104.06744800	28.60935600	37.23210000
97.31364800	52.63065600	34.97120000
84.07354800	73.50105600	33.93700000
66.55054800	89.98765600	34.03650000
46.35894800	102.21555600	35.12850000
23.95284800	110.82225600	37.00710000
-0.33675200	115.93515600	39.33750000
-25.48905200	116.53535600	41.65480000
-49.94605200	110.72495600	43.46820000
-71.99775200	97.21305600	44.39020000
-89.88635200	76.95675600	44.19320000
-102.12465200	52.92545600	42.83120000
-108.15045200	28.03795600	40.51970000
-108.42515200	3.78275600	37.80060000
-103.68675200	-19.28934400	35.41960000
-94.40955200	-40.61914400	34.03910000
-81.14675200	-59.79064400	34.00720000
-64.87255200	-77.29944400	35.30050000
-46.32635200	-94.18234400	37.61290000
-25.11865200	-110.03904400	40.53820000
-0.33675200	-121.18574400	43.74690000
27.03854800	-121.99834400	46.97370000
52.68674800	-110.08314400	49.78610000
71.92284800	-89.26574400	51.42860000
84.11814800	-65.70524400	51.11320000
92.27714800	-42.69694400	48.65660000
98.99714800	-19.98194400	44.77710000
111.67584800	3.78275600	26.06570000
112.34394800	27.51855600	23.89290000
107.28274800	50.90265600	22.34870000
96.69074800	71.97215600	21.50920000
82.00264800	89.41885600	21.36110000
64.45704800	102.77035600	21.84560000
44.56514800	112.09605600	22.85810000
22.68964800	117.72095600	24.22560000
-0.33675200	119.97335600	25.70610000
-23.38075200	118.86175600	27.04220000
-45.60165200	113.86945600	28.04670000
-66.52055200	104.22285600	28.64460000
-85.41765200	89.62375600	28.82600000
-100.89735200	70.81045600	28.56090000
-111.38225200	49.30375600	27.78460000
-116.15685200	26.60935600	26.49400000
-115.74845200	3.78275600	24.86660000
-111.22355200	-18.32934400	23.26490000
-103.32525200	-38.79824400	22.09980000
-92.35275200	-56.93184400	21.67150000
-78.60185200	-72.91684400	22.08860000
-62.54435200	-87.82474400	23.26820000
-44.41325200	-102.56894400	24.98550000
-23.82985200	-116.38304400	26.96630000
-0.33675200	-126.02654400	28.98520000
25.18554800	-127.19104400	30.89270000
49.71204800	-117.94734400	32.53380000
69.62284800	-100.72824400	33.64820000
83.51734800	-80.18004400	33.89090000
92.93344800	-59.56344400	33.02340000
100.35094800	-39.42274400	31.12810000
106.92574800	-18.64214400	28.62530000
120.21004800	3.78275600	11.38170000
119.99464800	26.24615600	10.55230000
115.09224800	47.92855600	9.90840000
105.91514800	67.54385600	9.49700000
93.48044800	84.40245600	9.33600000
78.54624800	98.22995600	9.42120000
61.32644800	108.83255600	9.72510000
41.94024800	116.03515600	10.19000000
21.00704800	119.87045600	10.72840000
-0.33675200	120.68055600	11.24060000
-21.08165200	118.91015600	11.64980000
-40.93895200	114.73635600	11.93440000
-60.21295200	107.87285600	12.12900000
-79.02845200	97.75425600	12.28630000
-96.55055200	83.99865600	12.42400000
-110.91435200	66.79735600	12.49250000
-120.16585200	46.94025600	12.39130000
-123.53275200	25.54055600	12.03520000
-121.80765200	3.78275600	11.43120000
-116.53835200	-17.15984400	10.70400000
-108.94935200	-36.22964400	10.04650000
-99.49655200	-52.80694400	9.63710000
-88.12175200	-67.06524400	9.58220000
-74.71335200	-79.95154400	9.89890000
-59.29185200	-92.62574400	10.52250000
-41.84945200	-105.57734400	11.33010000
-22.21295200	-117.80864400	12.18010000
-0.33675200	-126.66464400	12.96030000
23.02794800	-128.95204400	13.61270000
45.96444800	-123.04984400	14.11800000
66.06744800	-110.16964400	14.45540000
81.86494800	-93.35144400	14.57650000
93.61164800	-75.28794400	14.41940000
102.68484800	-57.03254400	13.95250000
110.28184800	-38.19904400	13.21360000
116.48584800	-17.98674400	12.31040000
127.89404800	3.78275600	-3.59990000
126.14464800	24.60075600	-3.59990000
120.57674800	43.87945600	-3.59990000
111.90114800	60.96985600	-3.59990000
100.96574800	75.85325600	-3.59990000
88.22624800	88.76015600	-3.59990000
73.63054800	99.74385600	-3.59990000
56.98224800	108.52915600	-3.59990000
38.48794800	114.70315600	-3.59990000
19.00044800	118.06315600	-3.59990000
-0.33675200	118.81425600	-3.59990000
-18.77995200	117.44115600	-3.59990000
-36.39415200	114.35915600	-3.59990000
-53.85115200	109.60185600	-3.59990000
-71.77045200	102.74835600	-3.59990000
-89.96055200	93.13025600	-3.59990000
-106.98025200	80.21725600	-3.59990000
-120.47625200	63.97905600	-3.59990000
-128.36525200	45.02925600	-3.59990000
-130.06415200	24.50325600	-3.59990000
-126.69895200	3.78275600	-3.59990000
-120.19685200	-15.80454400	-3.59990000
-112.16205200	-33.26474400	-3.59990000
-103.32045200	-48.17634400	-3.59990000
-93.60895200	-60.79934400	-3.59990000
-82.59155200	-71.95594400	-3.59990000
-69.86085200	-82.68304400	-3.59990000
-55.22515200	-93.75834400	-3.59990000
-38.67295200	-105.22064400	-3.59990000
-20.29295200	-116.04034400	-3.59990000
-0.33675200	-124.21514400	-3.59990000
20.57854800	-127.53444400	-3.59990000
41.36134800	-124.75154400	-3.59990000
60.68394800	-116.28674400	-3.59990000
77.51544800	-103.81274400	-3.59990000
91.54124800	-89.11634400	-3.59990000
103.09954800	-73.19644400	-3.59990000
112.68654800	-56.12304400	-3.59990000
120.41114800	-37.53334400	-3.59990000
125.76874800	-17.34624400	-3.59990000
131.53484800	3.78275600	-18.92040000
127.43384800	26.32585600	-18.88740000
119.00844800	45.71665600	-18.79450000
107.77044800	61.94215600	-18.67070000
94.66634800	75.89245600	-18.55860000
79.63164800	88.31255600	-18.49130000
62.09994800	99.14345600	-18.47130000
42.05984800	107.60455600	-18.46310000
20.67374800	112.88005600	-18.41160000
-0.33675200	114.81325600	-18.28280000
-20.03075200	113.96955600	-18.10420000
-38.92545200	111.03675600	-17.97400000
-58.42375200	106.13105600	-18.02560000
-79.45825200	98.54705600	-18.36700000
-101.05805200	87.12055600	-19.01660000
-119.83925200	71.03125600	-19.85580000
-131.57015200	50.57365600	-20.62340000
-134.15985200	27.35895600	-21.00410000
-129.10235200	3.78275600	-20.80430000
-119.88625200	-17.88704400	-20.09200000
-109.42875200	-36.28634400	-19.16090000
-98.84195200	-51.28104400	-18.35370000
-87.70515200	-63.78754400	-17.90790000
-74.97135200	-75.22384400	-17.90120000
-59.81175200	-86.81164400	-18.26570000
-42.02485200	-98.90254400	-18.82370000
-21.97175200	-110.50544400	-19.34900000
-0.33675200	-119.38084400	-19.65760000
21.99544800	-123.04884400	-19.68440000
43.98424800	-120.26764400	-19.49320000
64.61424800	-111.67744400	-19.21510000
83.19194800	-98.94214400	-18.97150000
99.43724800	-83.32844400	-18.82910000
113.16664800	-65.07464400	-18.79530000
123.80794800	-43.95244400	-18.83460000
130.27814800	-20.41784400	-18.89300000
128.16894800	3.78275600	-33.94600000
122.34274800	27.10145600	-34.66870000
111.84704800	45.93295600	-35.00090000
98.77664800	61.22395600	-34.93490000
83.70824800	74.71605600	-34.58400000
65.89974800	87.20535600	-34.07320000
44.92204800	97.95315600	-33.45460000
22.06754800	105.44365600	-32.72160000
-0.33675200	108.80135600	-31.91210000
-21.14915200	108.43455600	-31.21190000
-41.46185200	105.24975600	-30.95220000
-63.39975200	99.39625600	-31.48720000
-87.64825200	89.79975600	-33.01040000
-111.17675200	74.91615600	-35.35540000
-127.73795200	54.25055600	-37.84550000
-132.61805200	29.43855600	-39.42800000
-126.90585200	3.78275600	-39.28840000
-115.75285200	-19.46774400	-37.52120000
-103.56235200	-38.65804400	-35.07580000
-91.65335200	-54.07464400	-33.03740000
-78.93585200	-67.23074400	-32.04370000
-63.67325200	-79.74234400	-32.16710000
-45.00075200	-92.28724400	-33.02750000
-23.43825200	-103.93914400	-33.97810000
-0.33675200	-112.34214400	-34.40690000
22.96634800	-115.07024400	-34.07060000
45.58054800	-111.28764400	-33.19300000
67.04064800	-101.93834400	-32.24640000
87.01304800	-88.25994400	-31.65210000
104.80044800	-70.48434400	-31.61980000
118.89014800	-48.27774400	-32.13450000
127.17124800	-22.51744400	-33.00610000
117.28364800	3.78275600	-47.49860000
111.07134800	27.14405600	-49.13560000
99.73904800	45.53155600	-49.80000000
85.41714800	60.67705600	-49.40100000
68.03004800	74.55555600	-48.22880000
46.86414800	87.14125600	-46.64900000
23.11604800	96.48065600	-44.93620000
-0.33675200	100.77025600	-43.37610000
-22.10285200	100.06485600	-42.43830000
-43.80985200	95.48985600	-42.76070000
-67.90035200	87.26295600	-44.88490000
-93.56945200	74.10435600	-48.81490000
-114.45985200	54.75305600	-53.49650000
-123.06435200	30.14625600	-56.77120000
-118.69485200	3.78275600	-56.68720000
-107.38215200	-20.44194400	-53.37750000
-94.67815200	-40.61984400	-48.99790000
-81.74875200	-57.22594400	-45.78100000
-66.67905200	-71.77464400	-44.71240000
-47.57385200	-85.10304400	-45.49580000
-24.73785200	-96.29304400	-46.96290000
-0.33675200	-103.00224400	-47.72550000
23.58064800	-103.31414400	-47.07680000
46.27614800	-97.28964400	-45.43620000
67.87304800	-86.15954400	-43.84950000
88.05874800	-70.31084400	-43.19730000
104.98074800	-49.08134400	-43.80940000
115.48734800	-23.12884400	-45.45810000
101.23374800	3.78275600	-58.58450000
95.69854800	26.97575600	-60.17740000
84.16504800	45.60815600	-60.18160000
68.26714800	61.50595600	-58.61360000
47.78964800	75.71535600	-56.20020000
23.80464800	86.36935600	-53.75190000
-0.33675200	90.76955600	-51.99070000
-22.85195200	88.59675600	-51.74230000
-45.60335200	81.37835600	-53.91080000
-70.38455200	69.62235600	-58.91080000
-93.40725200	52.34455600	-65.59860000
-106.10345200	29.49725600	-70.63160000
-104.97955200	3.78275600	-70.52490000
-95.35575200	-20.92164400	-65.55920000
-83.01465200	-42.41274400	-59.65420000
-68.53265200	-60.64684400	-56.29560000
-49.61445200	-75.87034400	-56.35510000
-25.90235200	-86.85474400	-58.44040000
-0.33675200	-91.33604400	-60.06250000
23.99724800	-88.40954400	-59.54140000
46.35784800	-79.43134400	-57.38090000
67.18904800	-65.71954400	-55.41100000
85.49974800	-46.77784400	-55.02600000
97.92414800	-22.46304400	-56.39410000
83.36954800	3.78275600	-67.03250000
78.58174800	27.06305600	-66.91410000
66.27794800	46.60075600	-65.05940000
47.68264800	63.06085600	-62.05010000
24.18694800	74.97605600	-59.28070000
-0.33675200	78.98935600	-58.06920000
-23.39925200	74.60525600	-59.61450000
-46.45685200	64.14375600	-64.80640000
-69.28205200	48.72235600	-72.85210000
-85.09065200	28.14435600	-79.57910000
-87.92975200	3.78275600	-79.78830000
-80.79315200	-21.14794400	-73.94830000
-68.45335200	-43.90354400	-68.04240000
-50.75655200	-62.60724400	-66.44440000
-26.88275200	-74.69944400	-68.89060000
-0.33675200	-77.60604400	-71.81740000
24.35014800	-71.72054400	-71.88290000
46.03914800	-59.86124400	-69.38060000
64.88054800	-43.21694400	-67.03150000
78.56294800	-21.26094400	-66.46730000
65.93064800	3.78275600	-73.44450000
60.99254800	27.53095600	-70.24600000
46.36914800	47.67495600	-66.27840000
24.33754800	61.75335600	-63.13130000
-0.33675200	65.72795600	-62.83100000
-23.79295200	59.15155600	-66.88500000
-46.00265200	45.58155600	-75.24930000
-63.63925200	26.89425600	-83.66690000
-69.88835200	3.78275600	-85.17200000
-64.49105200	-21.28634400	-80.12160000
-50.23025200	-44.13044400	-76.51530000
-27.49635200	-59.28464400	-78.50350000
-0.33675200	-62.34014400	-82.62520000
24.65214800	-54.53624400	-83.20720000
45.12634800	-40.07914400	-79.90990000
60.01554800	-20.23904400	-76.24500000
49.41934800	3.78275600	-78.61260000
42.87774800	27.98465600	-72.10250000
24.21464800	46.03885600	-67.53620000
-0.33675200	51.30965600	-67.75480000
-24.01985200	42.97375600	-74.31270000
-43.41815200	26.18955600	-83.99560000
-52.14835200	3.78275600	-88.06470000
-46.41195200	-21.19244400	-85.83440000
-27.37735200	-40.83464400	-86.63550000
-0.33675200	-46.14584400	-91.06600000
24.68944800	-37.26344400	-91.08740000
42.39434800	-19.66464400	-85.48480000
33.24864800	3.78275600	-82.97730000
23.22414800	27.18915600	-74.60240000
-0.33675200	36.02595600	-73.87980000
-23.55815200	25.58165600	-82.12720000
-34.84415200	3.78275600	-89.49690000
-25.66505200	-19.98344400	-91.59580000
-0.33675200	-29.52734400	-95.26050000
23.66484800	-18.90774400	-92.62660000
16.72244800	3.78275600	-86.48120000
-0.33675200	20.11795600	-81.28970000
-17.61955200	3.78275600	-89.78750000
-0.33675200	-12.81694400	-94.22070000
-0.33675200	3.78275600	-88.81330000
800
3 1 2 3
3 1 3 4
3 1 4 5
3 1 5 2
3 2 6 7
3 7 3 2
3 3 7 8
3 3 8 9
3 9 4 3
3 4 9 10
3 4 10 11
3 11 5 4
3 5 11 12
3 5 12 13
3 13 2 5
3 2 13 6
3 6 14 15
3 15 7 6
3 7 15 16
3 16 8 7
3 8 16 17
3 8 17 18
3 18 9 8
3 9 18 19
3 19 10 9
3 10 19 20
3 10 20 21
3 21 11 10
3 11 21 22
3 22 12 11
3 12 22 23
3 12 23 24
3 24 13 12
3 13 24 25
3 25 6 13
3 6 25 14
3 14 26 27
3 27 15 14
3 15 27 28
3 28 16 15
3 16 28 29
3 29 17 16
3 17 29 30
3 17 30 31
3 31 18 17
3 18 31 32
3 32 19 18
3 19 32 33
3 33 20 19
3 20 33 34
3 20 34 35
3 35 21 20
3 21 35 36
3 36 22 21
3 22 36 37
3 37 23 22
3 23 37 38
3 23 38 39
3 39 24 23
3 24 39 40
3 40 25 24
3 25 40 41
3 41 14 25
3 14 41 26
3 26 42 43
3 43 27 26
3 27 43 44
3 44 28 27
3 28 44 45
3 45 29 28
3 29 45 46
3 46 30 29
3 30 46 47
3 30 47 48
3 48 31 30
3 31 48 49
3 49 32 31
3 32 49 50
3 50 33 32
3 33 50 51
3 51 34 33
3 34 51 52
3 34 52 53
3 53 35 34
3 35 53 54
3 54 36 35
3 36 54 55
3 55 37 36
3 37 55 56
3 56 38 37
3 38 56 57
3 38 57 58
3 58 39 38
3 39 58 59
3 59 40 39
3 40 59 60
3 60 41 40
3 41 60 61
3 61 26 41
3 26 61 42
3 42 62 63
3 63 43 42
3 43 63 64
3 64 44 43
3 44 64 65
3 65 45 44
3 45 65 66
3 66 46 45
3 46 66 67
3 67 47 46
3 47 67 68
3 47 68 69
3 69 48 47
3 48 69 70
3 70 49 48
3 49 70 71
3 71 50 49
3 50 71 72
3 72 51 50
3 51 72 73
3 73 52 51
3 52 73 74
3 52 74 75
3 75 53 52
3 53 75 76
3 76 54 53
3 54 76 77
3 77 55 54
3 55 77 78
3 78 56 55
3 56 78 79
3 79 57 56
3 57 79 80
3 57 80 81
3 81 58 57
3 58 81 82
3 82 59 58
3 59 82 83
3 83 60 59
3 60 83 84
3 84 61 60
3 61 84 85
3 85 42 61
3 42 85 62
3 62 86 87
3 87 63 62
3 63 87 88
3 88 64 63
3 64 88 89
3 89 65 64
3 65 89 90
3 90 66 65
3 66 90 91
3 91 67 66
3 67 91 92
3 92 68 67
3 68 92 93
3 68 93 94
3 94 69 68
3 69 94 95
3 95 70 69
3 70 95 96
3 96 71 70
3 71 96 97
3 97 72 71
3 72 97 98
3 98 73 72
3 73 98 99
3 99 74 73
3 74 99 100
3 74 100 101
3 101 75 74
3 75 101 102
3 102 76 75
3 76 102 103
3 103 77 76
3 77 103 104
3 104 78 77
3 78 104 105
3 105 79 78
3 79 105 106
3 106 80 79
3 80 106 107
3 80 107 108
3 108 81 80
3 81 108 109
3 109 82 81
3 82 109 110
3 110 83 82
3 83 110 111
3 111 84 83
3 84 111 112
3 112 85 84
3 85 112 113
3 113 62 85
3 62 113 86
3 86 114 115
3 115 87 86
3 87 115 116
3 116 88 87
3 88 116 117
3 117 89 88
3 89 117 118
3 118 90 89
3 90 118 119
3 119 91 90
3 91 119 120
3 120 92 91
3 92 120 121
3 121 93 92
3 93 121 122
3 93 122 123
3 123 94 93
3 94 123 124
3 124 95 94
3 95 124 125
3 125 96 95
3 96 125 126
3 126 97 96
3 97 126 127
3 127 98 97
3 98 127 128
3 128 99 98
3 99 128 129
3 129 100 99
3 100 129 130
3 100 130 131
3 131 101 100
3 101 131 132
3 132 102 101
3 102 132 133
3 133 103 102
3 103 133 134
3 134 104 103
3 104 134 135
3 135 105 104
3 105 135 136
3 136 106 105
3 106 136 137
3 137 107 106
3 107 137 138
3 107 138 139
3 139 108 107
3 108 139 140
3 140 109 108
3 109 140 141
3 141 110 109
3 110 141 142
3 142 111 110
3 111 142 143
3 143 112 111
3 112 143 144
3 144 113 112
3 113 144 145
3 145 86 113
3 86 145 114
3 114 146 147
3 147 115 114
3 115 147 148
3 148 116 115
3 116 148 149
3 149 117 116
3 117 149 150
3 150 118 117
3 118 150 151
3 151 119 118
3 119 151 152
3 152 120 119
3 120 152 153
3 153 121 120
3 121 153 154
3 154 122 121
3 122 154 155
3 122 155 156
3 156 123 122
3 123 156 157
3 157 124 123
3 124 157 158
3 158 125 124
3 125 158 159
3 159 126 125
3 126 159 160
3 160 127 126
3 127 160 161
3 161 128 127
3 128 161 162
3 162 129 128
3 129 162 163
3 163 130 129
3 130 163 164
3 130 164 165
3 165 131 130
3 131 165 166
3 166 132 131
3 132 166 167
3 167 133 132
3 133 167 168
3 168 134 133
3 134 168 169
3 169 135 134
3 135 169 170
3 170 136 135
3 136 170 171
3 171 137 136
3 137 171 172
3 172 138 137
3 138 172 173
3 138 173 174
3 174 139 138
3 139 174 175
3 175 140 139
3 140 175 176
3 176 141 140
3 141 176 177
3 177 142 141
3 142 177 178
3 178 143 142
3 143 178 179
3 179 144 143
3 144 179 180
3 180 145 144
3 145 180 181
3 181 114 145
3 114 181 146
3 146 182 183
3 183 147 146
3 147 183 184
3 184 148 147
3 148 184 185
3 185 149 148
3 149 185 186
3 186 150 149
3 150 186 187
3 187 151 150
3 151 187 188
3 188 152 151
3 152 188 189
3 189 153 152
3 153 189 190
3 190 154 153
3 154 190 191
3 191 155 154
3 155 191 192
3 155 192 193
3 193 156 155
3 156 193 194
3 194 157 156
3 157 194 195
3 195 158 157
3 158 195 196
3 196 159 158
3 159 196 197
3 197 160 159
3 160 197 198
3 198 161 160
3 161 198 199
3 199 162 161
3 162 199 200
3 200 163 162
3 163 200 201
3 201 164 163
3 164 201 202
3 164 202 203
3 203 165 164
3 165 203 204
3 204 166 165
3 166 204 205
3 205 167 166
3 167 205 206
3 206 168 167
3 168 206 207
3 207 169 168
3 169 207 208
3 208 170 169
3 170 208 209
3 209 171 170
3 171 209 210
3 210 172 171
3 172 210 211
3 211 173 172
3 173 211 212
3 173 212 213
3 213 174 173
3 174 213 214
3 214 175 174
3 175 214 215
3 215 176 175
3 176 215 216
3 216 177 176
3 177 216 217
3 217 178 177
3 178 217 218
3 218 179 178
3 179 218 219
3 219 180 179
3 180 219 220
3 220 181 180
3 181 220 221
3 221 146 181
3 146 221 182
3 222 183 182
3 223 183 222
3 223 184 183
3 224 184 223
3 224 185 184
3 225 185 224
3 225 186 185
3 226 186 225
3 226 187 186
3 227 187 226
3 227 188 187
3 228 188 227
3 228 189 188
3 229 189 228
3 229 190 189
3 230 190 229
3 230 191 190
3 231 191 230
3 231 192 191
3 231 193 192
3 232 193 231
3 232 194 193
3 233 194 232
3 233 195 194
3 234 195 233
3 234 196 195
3 235 196 234
3 235 197 196
3 236 197 235
3 236 198 197
3 237 198 236
3 237 199 198
3 238 199 237
3 238 200 199
3 239 200 238
3 239 201 200
3 240 201 239
3 240 202 201
3 240 203 202
3 241 203 240
3 241 204 203
3 242 204 241
3 242 205 204
3 243 205 242
3 243 206 205
3 244 206 243
3 244 207 206
3 245 207 244
3 245 208 207
3 246 208 245
3 246 209 208
3 247 209 246
3 247 210 209
3 248 210 247
3 248 211 210
3 249 211 248
3 249 212 211
3 249 213 212
3 250 213 249
3 250 214 213
3 251 214 250
3 251 215 214
3 252 215 251
3 252 216 215
3 253 216 252
3 253 217 216
3 254 217 253
3 254 218 217
3 255 218 254
3 255 219 218
3 256 219 255
3 256 220 219
3 257 220 256
3 257 221 220
3 222 221 257
3 222 182 221
3 258 223 222
3 259 223 258
3 259 224 223
3 260 224 259
3 260 225 224
3 261 225 260
3 261 226 225
3 262 226 261
3 262 227 226
3 263 227 262
3 263 228 227
3 264 228 263
3 264 229 228
3 265 229 264
3 265 230 229
3 266 230 265
3 266 231 230
3 266 232 231
3 267 232 266
3 267 233 232
3 268 233 267
3 268 234 233
3 269 234 268
3 269 235 234
3 270 235 269
3 270 236 235
3 271 236 270
3 271 237 236
3 272 237 271
3 272 238 237
3 273 238 272
3 273 239 238
3 274 239 273
3 274 240 239
3 274 241 240
3 275 241 274
3 275 242 241
3 276 242 275
3 276 243 242
3 277 243 276
3 277 244 243
3 278 244 277
3 278 245 244
3 279 245 278
3 279 246 245
3 280 246 279
3 280 247 246
3 281 247 280
3 281 248 247
3 282 248 281
3 282 249 248
3 282 250 249
3 283 250 282
3 283 251 250
3 284 251 283
3 284 252 251
3 285 252 284
3 285 253 252
3 286 253 285
3 286 254 253
3 287 254 286
3 287 255 254
3 288 255 287
3 288 256 255
3 289 256 288
3 289 257 256
3 258 257 289
3 258 222 257
3 290 259 258
3 291 259 290
3 291 260 259
3 292 260 291
3 292 261 260
3 293 261 292
3 293 262 261
3 294 262 293
3 294 263 262
3 295 263 294
3 295 264 263
3 296 264 295
3 296 265 264
3 297 265 296
3 297 266 265
3 297 267 266
3 298 267 297
3 298 268 267
3 299 268 298
3 299 269 268
3 300 269 299
3 300 270 269
3 301 270 300
3 301 271 270
3 302 271 301
3 302 272 271
3 303 272 302
3 303 273 272
3 304 273 303
3 304 274 273
3 304 275 274
3 305 275 304
3 305 276 275
3 306 276 305
3 306 277 276
3 307 277 306
3 307 278 277
3 308 278 307
3 308 279 278
3 309 279 308
3 309 280 279
3 310 280 309
3 310 281 280
3 311 281 310
3 311 282 281
3 311 283 282
3 312 283 311
3 312 284 283
3 313 284 312
3 313 285 284
3 314 285 313
3 314 286 285
3 315 286 314
3 315 287 286
3 316 287 315
3 316 288 287
3 317 288 316
3 317 289 288
3 290 289 317
3 290 258 289
3 318 291 290
3 319 291 318
3 319 292 291
3 320 292 319
3 320 293 292
3 321 293 320
3 321 294 293
3 322 294 321
3 322 295 294
3 323 295 322
3 323 296 295
3 324 296 323
3 324 297 296
3 324 298 297
3 325 298 324
3 325 299 298
3 326 299 325
3 326 300 299
3 327 300 326
3 327 301 300
3 328 301 327
3 328 302 301
3 329 302 328
3 329 303 302
3 330 303 329
3 330 304 303
3 330 305 304
3 331 305 330
3 331 306 305
3 332 306 331
3 332 307 306
3 333 307 332
3 333 308 307
3 334 308 333
3 334 309 308
3 335 309 334
3 335 310 309
3 336 310 335
3 336 311 310
3 336 312 311
3 337 312 336
3 337 313 312
3 338 313 337
3 338 314 313
3 339 314 338
3 339 315 314
3 340 315 339
3 340 316 315
3 341 316 340
3 341 317 316
3 318 317 341
3 318 290 317
3 342 319 318
3 343 319 342
3 343 320 319
3 344 320 343
3 344 321 320
3 345 321 344
3 345 322 321
3 346 322 345
3 346 323 322
3 347 323 346
3 347 324 323
3 347 325 324
3 348 325 347
3 348 326 325
3 349 326 348
3 349 327 326
3 350 327 349
3 350 328 327
3 351 328 350
3 351 329 328
3 352 329 351
3 352 330 329
3 352 331 330
3 353 331 352
3 353 332 331
3 354 332 353
3 354 333 332
3 355 333 354
3 355 334 333
3 356 334 355
3 356 335 334
3 357 335 356
3 357 336 335
3 357 337 336
3 358 337 357
3 358 338 337
3 359 338 358
3 359 339 338
3 360 339 359
3 360 340 339
3 361 340 360
3 361 341 340
3 342 341 361
3 342 318 341
3 362 343 342
3 363 343 362
3 363 344 343
3 364 344 363
3 364 345 344
3 365 345 364
3 365 346 345
3 366 346 365
3 366 347 346
3 366 348 347
3 367 348 366
3 367 349 348
3 368 349 367
3 368 350 349
3 369 350 368
3 369 351 350
3 370 351 369
3 370 352 351
3 370 353 352
3 371 353 370
3 371 354 353
3 372 354 371
3 372 355 354
3 373 355 372
3 373 356 355
3 374 356 373
3 374 357 356
3 374 358 357
3 375 358 374
3 375 359 358
3 376 359 375
3 376 360 359
3 377 360 376
3 377 361 360
3 362 361 377
3 362 342 361
3 378 363 362
3 379 363 378
3 379 364 363
3 380 364 379
3 380 365 364
3 381 365 380
3 381 366 365
3 381 367 366
3 382 367 381
3 382 368 367
3 383 368 382
3 383 369 368
3 384 369 383
3 384 370 369
3 384 371 370
3 385 371 384
3 385 372 371
3 386 372 385
3 386 373 372
3 387 373 386
3 387 374 373
3 387 375 374
3 388 375 387
3 388 376 375
3 389 376 388
3 389 377 376
3 378 377 389
3 378 362 377
3 390 379 378
3 391 379 390
3 391 380 379
3 392 380 391
3 392 381 380
3 392 382 381
3 393 382 392
3 393 383 382
3 394 383 393
3 394 384 383
3 394 385 384
3 395 385 394
3 395 386 385
3 396 386 395
3 396 387 386
3 396 388 387
3 397 388 396
3 397 389 388
3 390 389 397
3 390 378 389
3 398 391 390
3 399 391 398
3 399 392 391
3 399 393 392
3 400 393 399
3 400 394 393
3 400 395 394
3 401 395 400
3 401 396 395
3 401 397 396
3 398 397 401
3 398 390 397
3 402 399 398
3 402 400 399
3 402 401 400
3 402 398 401
