8.068654033482575372e+00 1.388481016612073482e+01 1.163542193484116751e+02
-8.510966069812443635e+00 1.388481016612073482e+01 1.164832466939610356e+02
-8.510966069812445411e+00 -3.497744560411621517e+00 1.187885507109056107e+02
8.068654033482577148e+00 -3.497744560411621961e+00 1.186595233653562502e+02
3.731347791949413306e+01 1.729354121679930145e+01 1.157893251206618288e+02
1.968792555295947366e+01 2.592076820117069147e+01 1.146933107890060626e+02
1.115122619271859072e+01 4.332431014046206030e+01 1.117973534045897281e+02
-1.195388820882689096e+01 4.379955700245320571e+01 1.112027620391389178e+02
-1.999680895188102525e+01 2.639601506316183688e+01 1.142277467691046127e+02
-3.600523403065967898e+01 1.776878807879045041e+01 1.153087967084399139e+02
-3.585943544665830274e+01 -5.947827914821826489e+00 1.185428659663999440e+02
-1.985101036787964901e+01 -1.470315565698279769e+01 1.197671200440092463e+02
-1.180808962482551472e+01 -3.265616413782369420e+01 1.206179129250392208e+02
1.240754020681626990e+01 -3.530527854303463187e+01 1.200224876306046156e+02
2.094423956705715639e+01 -1.735227006219374246e+01 1.190426674040252806e+02
3.856979193359180869e+01 -8.596942320032772145e+00 1.178333777187364291e+02
6.548373798048883998e+01 1.781891647659454492e+01 1.137890074648488081e+02
5.046736408671862506e+01 2.985487451164449979e+01 1.134113302939624788e+02
4.477005392815949847e+01 5.111051974466915482e+01 1.097690991278193593e+02
2.307946840069412175e+01 5.595272838911532887e+01 1.092511365701023749e+02
1.146019688121722346e+01 7.021694466888415320e+01 1.060862834177978868e+02
-1.290706903731254940e+01 7.328589598805140781e+01 1.056909084206997562e+02
-2.439291191938113101e+01 5.949692657027372178e+01 1.082611702075534197e+02
-4.600584939257694117e+01 5.553029702943163670e+01 1.082383761486628373e+02
-4.957525076080136017e+01 3.120570047723973417e+01 1.122610179195836508e+02
-6.224925712723580062e+01 1.869449558019863389e+01 1.126885918413341159e+02
-6.098247267145260508e+01 -5.943194976022925680e+00 1.146392443932228957e+02
-4.816266772101678839e+01 -1.714860607259410230e+01 1.174457397294324750e+02
-4.419362905199927383e+01 -3.777097490119713541e+01 1.171708674704937465e+02
-2.384747603458665210e+01 -4.452320522426575167e+01 1.191187865884911901e+02
-1.250743173651944851e+01 -6.095234747537250541e+01 1.176708542256710075e+02
1.351110622871421896e+01 -6.693921630886286778e+01 1.178144753284369131e+02
2.638669176228879465e+01 -5.315918846296706590e+01 1.186669823968224762e+02
5.049080675704105658e+01 -5.035496326676895507e+01 1.171511774805984203e+02
5.413720756810318591e+01 -2.374572560467555959e+01 1.172973930290916940e+02
6.789726744777573231e+01 -9.891200102893439094e+00 1.156310176019033804e+02
9.135721863192895853e+01 1.783313959870716658e+01 1.076278474737438273e+02
7.855423124933314227e+01 3.039447289355236492e+01 1.089692685735772955e+02
7.436234822408853518e+01 5.258407225904724669e+01 1.039580503217472369e+02
5.559454479668512761e+01 6.126416107511407461e+01 1.051355580468756301e+02
4.582233331755362826e+01 7.827306928751515613e+01 1.004073196968823822e+02
2.337857092955109906e+01 8.238364423683906068e+01 1.018760076255216376e+02
1.145032872157556625e+01 9.599892477904599275e+01 9.849424027865266851e+01
-1.330188808175479664e+01 1.015565981622062708e+02 9.910032133232476781e+01
-2.574091179230903847e+01 9.101026893916660754e+01 1.020867136820956205e+02
-4.992744676829372708e+01 9.178193122551135730e+01 1.013887614520413649e+02
-5.870654148649305881e+01 7.009092873355407960e+01 1.049701621317549183e+02
-7.728337517660582989e+01 5.921677276110425225e+01 1.043113582345513635e+02
-7.725668944912416691e+01 3.214493615994070552e+01 1.080071461732097475e+02
-8.790322913838404872e+01 1.870802376149142177e+01 1.059230186545246397e+02
-8.557304624008936855e+01 -5.887831357376072994e+00 1.057275086372110877e+02
-7.365972209504629120e+01 -1.708860951514834525e+01 1.097622887077849754e+02
-7.119495232464356604e+01 -3.788151682093888439e+01 1.067541678750472727e+02
-5.454866423203237247e+01 -4.735847111041649526e+01 1.113562513015464788e+02
-4.644055804007771115e+01 -6.613591105052162789e+01 1.082258672139058291e+02
-2.474547856197741424e+01 -7.297755709240901467e+01 1.125925510200329001e+02
-1.270609215221627508e+01 -8.970872062381604906e+01 1.097995375357281205e+02
1.372477736611947918e+01 -9.770568261398510401e+01 1.114387176121668972e+02
2.770392892159200571e+01 -8.696138791606843199e+01 1.143753521992375681e+02
5.387401031493768500e+01 -8.843336523125491055e+01 1.127610046747608976e+02
6.378530261681216018e+01 -6.560696842785122840e+01 1.146843228877361867e+02
8.275009860194479927e+01 -5.375887606109667161e+01 1.125387626005776696e+02
8.321566262184624918e+01 -2.465234539823227422e+01 1.133392417662516038e+02
9.360512053715517311e+01 -9.503562113589486771e+00 1.101558105293635350e+02
1.126682274836004609e+02 1.760302152856581159e+01 9.613857621696405431e+01
1.028931899118016275e+02 3.017857794552363515e+01 9.913511470270449877e+01
1.000580630138148592e+02 5.284055175095434720e+01 9.202128350638173515e+01
8.433020870869758312e+01 6.268471276963276040e+01 9.550279802559101938e+01
7.605601166080235487e+01 8.088979945052180653e+01 8.914265331307329632e+01
5.631593969706182889e+01 8.779806715233736725e+01 9.286966725923628019e+01
4.570178425000625566e+01 1.029779837857087585e+02 8.772154566589874491e+01
2.327993566252252222e+01 1.070682664630934795e+02 9.187743075667589210e+01
1.136156161418864485e+01 1.198873301433214777e+02 8.826600863354546789e+01
-1.329141764006928206e+01 1.262182410120181402e+02 9.003662518370902035e+01
-2.612526039506576936e+01 1.189568507149504484e+02 9.425412836051152965e+01
-5.113432732540713488e+01 1.224924779593308841e+02 9.293897602366783417e+01
-6.249748998808085076e+01 1.058638876929314705e+02 9.708721676542677415e+01
-8.389230870262446160e+01 9.754887445421795178e+01 9.539596245688838394e+01
-8.989909917295010189e+01 7.259276201434799702e+01 9.903870324629940569e+01
-1.048111392849691157e+02 5.841958298197754829e+01 9.573917056311090334e+01
-1.028419549778847113e+02 3.160668133028451621e+01 9.892769803267776751e+01
-1.114496309605247433e+02 1.815624075054244457e+01 9.398032167749656196e+01
-1.087500638517937688e+02 -5.857856243347192127e+00 9.198579519518216330e+01
-9.781220497085907084e+01 -1.700327078247261525e+01 9.673766153304978843e+01
-9.577343392301519032e+01 -3.791223320517559614e+01 9.086541160544420848e+01
-8.106950542184276287e+01 -4.758970108586959213e+01 9.684713787686780506e+01
-7.442948487648349953e+01 -6.657326047313777906e+01 9.176054171077966259e+01
-5.644682558732963429e+01 -7.564251614831219683e+01 9.853718762131848052e+01
-4.693146423520914823e+01 -9.399205786095093629e+01 9.430319118239188469e+01
-2.488581027819609304e+01 -1.012166162945674017e+02 1.011988572906744395e+02
-1.264776345273812552e+01 -1.174583098418706726e+02 9.775672275125580768e+01
1.346959509707607516e+01 -1.255281479593464127e+02 1.007571992349753316e+02
2.766241778995386014e+01 -1.172834164022121968e+02 1.058385138508327259e+02
5.398988011429816680e+01 -1.198807345516514431e+02 1.042616468012391806e+02
6.622232108380946158e+01 -1.017749780786108289e+02 1.082475030380966814e+02
8.651653885728642024e+01 -9.118375567860981334e+01 1.058355950993894083e+02
9.313302407354727563e+01 -6.599405046449932399e+01 1.082035364488951075e+02
1.059064533066061102e+02 -5.038382647548610294e+01 1.040707233933364932e+02
1.059129857503125578e+02 -2.299986878744066843e+01 1.052225183081309865e+02
1.134401214168851624e+02 -8.238723492101835078e+00 9.969801676677083435e+01
1.286868913571247219e+02 1.721997014867276832e+01 8.009322661595817294e+01
1.220939877993502449e+02 2.956540849548923688e+01 8.420255067180636388e+01
1.209042027864047810e+02 5.243137059623551011e+01 7.541817440337629819e+01
1.086433155726682145e+02 6.313095743474279686e+01 8.024036875221122500e+01
1.020334091295017913e+02 8.260824910980973357e+01 7.265527502126437298e+01
8.517395952275322202e+01 9.052293010691032293e+01 7.807604506291716007e+01
7.565966374655647542e+01 1.066634866002335968e+02 7.175764312897752006e+01
5.592756043755004924e+01 1.122102725772164717e+02 7.767612978579612104e+01
4.513550014061672044e+01 1.257019463122687597e+02 7.261436617167008478e+01
2.299134990473904949e+01 1.292887212009890447e+02 7.904835992864228444e+01
1.116174296379209352e+01 1.401056140498844798e+02 7.508001620044460367e+01
-1.287802051104344692e+01 1.451499114847386807e+02 7.747274377252442434e+01
-2.570139282435442141e+01 1.406639295045399081e+02 8.321170405088565758e+01
-5.017980294466979529e+01 1.440808608568925422e+02 8.091075499641203805e+01
-6.277889469072602679e+01 1.331707996087512242e+02 8.642052379239169113e+01
-8.463255966391268714e+01 1.265406472230336021e+02 8.343329751363702940e+01
-9.438281101313739896e+01 1.075473123348997291e+02 8.826049543637478223e+01
-1.111510843843236245e+02 9.406963007502012886e+01 8.380671238082837249e+01
-1.155726221858297009e+02 6.989801316196789571e+01 8.764264671815348606e+01
-1.266859304590787474e+02 5.515257352915732980e+01 8.165568522588714018e+01
-1.245321235408581941e+02 3.022370276942491785e+01 8.480483271566335191e+01
-1.310358893561418085e+02 1.732504520063181985e+01 7.789985440039500020e+01
-1.286237497704945838e+02 -5.728689909633863486e+00 7.519797082226459395e+01
-1.194204168464800091e+02 -1.684412933473040397e+01 8.010842265521856120e+01
-1.174732853280783758e+02 -3.778010179063097240e+01 7.257850722536660726e+01
-1.047641612855482691e+02 -4.770279112195073878e+01 7.858362983772462940e+01
-9.880675794281890489e+01 -6.661852428520302283e+01 7.227606898057442208e+01
-8.317601003492656275e+01 -7.581152575569606711e+01 7.947125458220585870e+01
-7.482296036867407452e+01 -9.364491175674936585e+01 7.432345729458425865e+01
-5.656107385811051103e+01 -1.027561881868298030e+02 8.237874798423145251e+01
-4.643388660820730252e+01 -1.197159872479625591e+02 7.803268075575945772e+01
-2.456623015984797931e+01 -1.271935504693869490e+02 8.651498941450125812e+01
-1.238651203386816313e+01 -1.413137286818979703e+02 8.269601163318012027e+01
1.293175723191179038e+01 -1.481520853372381339e+02 8.620064451699590791e+01
2.686939765574617311e+01 -1.421017452422028384e+02 9.302009878203656967e+01
5.251373315419269971e+01 -1.434340394526024909e+02 9.100277824083160283e+01
6.544139291986689955e+01 -1.294577603191852688e+02 9.716301164417680525e+01
8.573940970315895527e+01 -1.187512240724796442e+02 9.417921374013332070e+01
9.458211467106717407e+01 -9.858297590494478868e+01 9.886594095848840880e+01
1.076789230322892337e+02 -8.284265899445846060e+01 9.399222833020972701e+01
1.123867764515672860e+02 -5.983321477911026420e+01 9.682906941555209812e+01
1.207278268063306399e+02 -4.453793796964626495e+01 9.008332520680193056e+01
1.217746393279420687e+02 -2.032740437068326855e+01 9.180047764322617354e+01
1.275956489524318300e+02 -6.831097696832086896e+00 8.413171303757118835e+01
1.409429139851224022e+02 1.675959502022609016e+01 6.146468932884967984e+01
1.365856350447570833e+02 2.872198198714951545e+01 6.617657340488280227e+01
1.370619474826719681e+02 5.135291510262759829e+01 5.699645150425070739e+01
1.279734187820941287e+02 6.271686536489712438e+01 6.212872844689599816e+01
1.231608609459609056e+02 8.305454010430776179e+01 5.430642824944547442e+01
1.094817385071051348e+02 9.224633701071307712e+01 6.001078047497892243e+01
1.011889170452383269e+02 1.093185774964951236e+02 5.339800160975718768e+01
8.422629189143826522e+01 1.158210460889150539e+02 5.972409422210299823e+01
7.429841366866372709e+01 1.296016298874667712e+02 5.409261812387624246e+01
5.493972522684861559e+01 1.339357441338375736e+02 6.106440341662473514e+01
4.404879801594676536e+01 1.447239590915678207e+02 5.616066934492917540e+01
2.241496598876791424e+01 1.473070541188944276e+02 6.374228837177685136e+01
1.078517769821751138e+01 1.549942578209690396e+02 5.922642393632517610e+01
-1.212095198191522094e+01 1.576411020861685301e+02 6.137967490188986375e+01
-2.453092716620036029e+01 1.549981958189481190e+02 6.828826690942136679e+01
-4.751461224182667564e+01 1.563574537331573424e+02 6.457037985269221281e+01
-6.034011570698513793e+01 1.499261007513005381e+02 7.145390766132165083e+01
-8.113024324949635968e+01 1.438951726698326183e+02 6.688620064071028537e+01
-9.282359546036767028e+01 1.314197803897070287e+02 7.335582169704602506e+01
-1.098329669666486410e+02 1.195146102169499898e+02 6.764831907312932913e+01
-1.184102045413798976e+02 1.011577947903969772e+02 7.327201183417392372e+01
-1.308908783717362212e+02 8.685503245982128817e+01 6.650727257634827083e+01
-1.347450664879290230e+02 6.502142811163388103e+01 7.105501163073637372e+01
-1.429171535646964912e+02 5.132984306740907243e+01 6.363813990757758177e+01
-1.413617833511298159e+02 2.856233091613942321e+01 6.733383518745999652e+01
-1.460965078154415266e+02 1.649486889725695349e+01 5.982444367648717787e+01
-1.440285029237765855e+02 -5.431579544460414688e+00 5.746159855966025987e+01
-1.368816388738176784e+02 -1.641785263584362653e+01 6.226910649250266516e+01
-1.348626504746450792e+02 -3.698898116133082681e+01 5.450008509123949096e+01
-1.246576298529203797e+02 -4.723579089102163664e+01 5.989903399114945159e+01
-1.191665781296882898e+02 -6.570268494343650900e+01 5.333406705433236539e+01
-1.060248302621169074e+02 -7.516272900629813591e+01 5.970597943139929953e+01
-9.824746957101571354e+01 -9.179164357841344213e+01 5.425185223039442661e+01
-8.267634758546520857e+01 -1.010808248583716420e+02 6.167414449194794202e+01
-7.354144316751037991e+01 -1.164362835428333511e+02 5.695795178283184157e+01
-5.556086870081602314e+01 -1.259601695023438168e+02 6.526119735699617763e+01
-4.517451485450235538e+01 -1.399507644166496334e+02 6.086467742500416733e+01
-2.386781463591382746e+01 -1.478267603747794112e+02 6.981718304244631668e+01
-1.194934792880397190e+01 -1.586351286162848453e+02 6.542710289538476331e+01
1.221476362339404531e+01 -1.641757991140531772e+02 6.840863065941678656e+01
2.561456618206414149e+01 -1.602057875278878782e+02 7.630334369029411334e+01
5.018002922241085884e+01 -1.596965348951128192e+02 7.299060713152874769e+01
6.314155577070502545e+01 -1.489751269148626989e+02 8.087058741702557541e+01
8.321918365533339568e+01 -1.381567978549396116e+02 7.653475898329915594e+01
9.288937782211313277e+01 -1.219091741459737790e+02 8.368315190306171303e+01
1.063724806203874635e+02 -1.065503334161888631e+02 7.772097663336947448e+01
1.123193208626553172e+02 -8.765206643220842864e+01 8.334332584216240036e+01
1.209911167182721243e+02 -7.268007609213165665e+01 7.567164248506411184e+01
1.246917692426693662e+02 -5.257539184491769646e+01 7.957480076436127092e+01
1.312882864927069875e+02 -3.937489831337627066e+01 7.087085231348009984e+01
1.331453536808579940e+02 -1.784113776425365216e+01 7.371061215026577429e+01
1.385938750259161907e+02 -5.752456885672218689e+00 6.496024165261962935e+01
1.519075975817027313e+02 1.625423405604209393e+01 4.197873405822879533e+01
1.483826724259477601e+02 2.775624589451883750e+01 4.715205883863234249e+01
1.499655159665919086e+02 4.958660718554702385e+01 3.867285424888581247e+01
1.430020699636814356e+02 6.122088942673235579e+01 4.380536283847105494e+01
1.395844899998969595e+02 8.131060928162587231e+01 3.652103949434877705e+01
1.288318096827542831e+02 9.178030969693175223e+01 4.188982796267790576e+01
1.217383170877586878e+02 1.088240576091005636e+02 3.558435192798719982e+01
1.077745468890985165e+02 1.171705285022586196e+02 4.138817334953302662e+01
9.868634249423659810e+01 1.307308160609226206e+02 3.578630173023124428e+01
8.217283442760187029e+01 1.366594488537108134e+02 4.216465389222864246e+01
7.198713316066856294e+01 1.469021352678706194e+02 3.698576958526641789e+01
5.322178519082856241e+01 1.506325312593567958e+02 4.400999974521845104e+01
4.225594335954850322e+01 1.578160881846029895e+02 3.895875290216591225e+01
2.145316789411630154e+01 1.595947197188886264e+02 4.659355806642496134e+01
1.019994486914048082e+01 1.638343683431498619e+02 4.135787392978822652e+01
-1.114418949494316102e+01 1.643628940013283852e+02 4.266278747188636089e+01
-2.279709615010007440e+01 1.627700896422666119e+02 5.005172257408779046e+01
-4.376804729393233373e+01 1.618130634745778593e+02 4.482076403502593109e+01
-5.607558820137379740e+01 1.580433338326890009e+02 5.243082930609885040e+01
-7.508523103407978283e+01 1.523390279365435447e+02 4.640328326995414443e+01
-8.731438261704387571e+01 1.446222197555439664e+02 5.397512679593614848e+01
-1.037481578069495214e+02 1.348461629372093853e+02 4.719148514781097958e+01
-1.145733899456829903e+02 1.222139456787410126e+02 5.439505636866842764e+01
-1.279623977569516313e+02 1.099817826855576470e+02 4.706143855572586432e+01
-1.357026486082736199e+02 9.297968489319093521e+01 5.354996200236110582e+01
-1.456615675210007907e+02 8.016821923259314531e+01 4.594795804479826984e+01
-1.490218843612308603e+02 6.035198175499868256e+01 5.148839689562664290e+01
-1.555229167426231243e+02 4.815989368242580326e+01 4.391947212108794929e+01
-1.541529104104004659e+02 2.707029297595371986e+01 4.855982362206606240e+01
-1.576730173098045782e+02 1.583300726044611650e+01 4.130783819076010843e+01
-1.553874496121433140e+02 -4.986817419766027548e+00 3.981181592320734808e+01
-1.497993378210742321e+02 -1.567598014597578882e+01 4.470095623768638404e+01
-1.474365853630233119e+02 -3.540349684557131127e+01 3.742687168830967437e+01
-1.396467620665530660e+02 -4.573022476954313476e+01 4.241849260902037599e+01
-1.343957892318799736e+02 -6.316976464330195995e+01 3.604908201890484065e+01
-1.241206259167398827e+02 -7.289541508750451726e+01 4.156570756430686941e+01
-1.167970152516029430e+02 -8.785874183202734855e+01 3.602911405268158518e+01
-1.040656067734501420e+02 -9.729492626007464651e+01 4.234334634170221534e+01
-9.544722870218464550e+01 -1.102829532182985162e+02 3.736803336556364741e+01
-8.049418708179538839e+01 -1.201351292210990209e+02 4.456034654513976534e+01
-7.101551860496218183e+01 -1.318423339189790227e+02 3.978147017407455621e+01
-5.367642084436349847e+01 -1.421340831550191695e+02 4.778255547977462925e+01
-4.325393007541841683e+01 -1.524195315942928062e+02 4.285005085813789805e+01
-2.283355737844741995e+01 -1.610445810974287042e+02 5.154209265630588988e+01
-1.135225477640175562e+01 -1.684514920021698572e+02 4.618965846193687241e+01
1.135628006395790202e+01 -1.734587722560208363e+02 4.800873555193691544e+01
2.403908901411025667e+01 -1.715925318490480151e+02 5.634269751033794194e+01
4.722639174994822753e+01 -1.700922009484122839e+02 5.114773690574353537e+01
5.996752939957872286e+01 -1.621662155806423584e+02 5.990093349605701434e+01
7.969657496897788462e+01 -1.523119084259943463e+02 5.372731089958299577e+01
8.998670267643839793e+01 -1.390238986805416914e+02 6.248115610132830966e+01
1.042703309697746334e+02 -1.251699754608034567e+02 5.511700722170099453e+01
1.109859147469439478e+02 -1.089440339054164468e+02 6.320843483397960938e+01
1.207199971397605083e+02 -9.518314009676009846e+01 5.468141831582842372e+01
1.247783588688208027e+02 -7.781744926745574276e+01 6.152227675812000030e+01
1.322989157622989751e+02 -6.564092786924716449e+01 5.226330223913063122e+01
1.351081908617879037e+02 -4.730306116238165970e+01 5.770871951519356458e+01
1.418947975907443606e+02 -3.615861954040400406e+01 4.842834081895327358e+01
1.435234145667216410e+02 -1.614177581281717977e+01 5.284010311959366391e+01
1.493973786816828238e+02 -5.131735745395614501e+00 4.417122601542017435e+01
1.630241025827230317e+02 1.566473892327007356e+01 2.223796715366841781e+01
1.593797865941203895e+02 2.666138979756282268e+01 2.803432954374801866e+01
1.609625838053765392e+02 4.711386876041019889e+01 2.054875133820153721e+01
1.550732383336030296e+02 5.853707430991764937e+01 2.601395126293577675e+01
1.520948146385662767e+02 7.708055084067834173e+01 1.934441889742751641e+01
1.435695123077707080e+02 8.821980357120122562e+01 2.471899853925527424e+01
1.371749911893651301e+02 1.037400558887398034e+02 1.869029426841084174e+01
1.260964762864958146e+02 1.138746095113332615e+02 2.418685918881363506e+01
1.176902404828319533e+02 1.260396875507085639e+02 1.858656276870347668e+01
1.042438768892329080e+02 1.345494232071398812e+02 2.438218388857525554e+01
9.466471996985156068e+01 1.435436716031601065e+02 1.899129630217537112e+01
7.892148430792194347e+01 1.499677508711026519e+02 2.521652983686913174e+01
6.848958867321508137e+01 1.561132515290673268e+02 1.981656169042340210e+01
5.058939569468164876e+01 1.602311928510814880e+02 2.653455459576815656e+01
3.967507214284535166e+01 1.638330247908981789e+02 2.091493882086658118e+01
2.008839678273637830e+01 1.656575687486809443e+02 2.810345299062760560e+01
9.420406586837589913e+00 1.670287333156033469e+02 2.208758196025612719e+01
-1.007903053568809248e+01 1.665838322027449863e+02 2.251446094118676200e+01
-2.075517470387294594e+01 1.657411932940010786e+02 2.983524551365637478e+01
-3.956592547394216552e+01 1.633149232450172121e+02 2.345490118797544454e+01
-5.092589140884464172e+01 1.609795977846557662e+02 3.105148460714357128e+01
-6.799002425172861308e+01 1.558885076679326858e+02 2.414229031756821797e+01
-7.984182296952229763e+01 1.510176674617093227e+02 3.188402370930587537e+01
-9.532825483382889331e+01 1.435515939285062075e+02 2.458232684468772788e+01
-1.070054380882920384e+02 1.350968975850058484e+02 3.231794475721083870e+01
-1.209181533013883438e+02 1.257271494993347574e+02 2.480304004906731663e+01
-1.310498808313144821e+02 1.132442518583549429e+02 3.234296262672489775e+01
-1.428623458987054846e+02 1.026689204384341423e+02 2.477575203954179983e+01
-1.497337817370697906e+02 8.659498560503904230e+01 3.189222401097993043e+01
-1.586607598617300141e+02 7.553606803328908370e+01 2.440094729071079627e+01
-1.610895780270532782e+02 5.691721358827030031e+01 3.088775654999044917e+01
-1.667188303146565715e+02 4.590786846166857060e+01 2.359115591805108991e+01
-1.646722759296305298e+02 2.591326284031647020e+01 2.937088605784263962e+01
-1.672902569861128654e+02 1.533783876161970028e+01 2.239238300383575009e+01
-1.640497942726103417e+02 -4.444995227234687540e+00 2.177564619092619935e+01
-1.591462455184667419e+02 -1.468939582875006167e+01 2.725812697738033563e+01
-1.559962640997067354e+02 -3.322689586846016851e+01 2.039206534802274362e+01
-1.498747157353323587e+02 -4.325183415907165596e+01 2.567166974447305350e+01
-1.444416684058624867e+02 -5.922509523236666240e+01 1.935799340810829250e+01
-1.367525651988802906e+02 -6.881629779262515001e+01 2.474378476182938869e+01
-1.297088766959728900e+02 -8.191222589547540167e+01 1.894445729091849273e+01
-1.200284900638356049e+02 -9.122901949067504290e+01 2.471316103636866046e+01
-1.118562639989041685e+02 -1.018939056175785680e+02 1.925898750597580289e+01
-1.000064111154060242e+02 -1.115116549171547291e+02 2.559962754615015967e+01
-9.106020629473037786e+01 -1.206426676665185056e+02 2.024112420195458384e+01
-7.702235540467580677e+01 -1.311211706655422802e+02 2.723065365030285889e+01
-6.743453488974051879e+01 -1.393458415976772642e+02 2.169980498278820846e+01
-5.100520732108179800e+01 -1.503524532903876434e+02 2.931811688492317103e+01
-4.071994419936012832e+01 -1.574129130317470810e+02 2.338545343537993659e+01
-2.148736435165108460e+01 -1.668869022403933968e+02 3.156495321422563904e+01
-1.060315490200763655e+01 -1.716503045958702671e+02 2.507605913248648477e+01
1.035667718870726439e+01 -1.768129736170363628e+02 2.573977394481688208e+01
2.218100257942347397e+01 -1.770568515154104432e+02 3.404774511655607938e+01
4.363206517098573300e+01 -1.756777646231419112e+02 2.715986234545566802e+01
5.599464539135812657e+01 -1.705793544631165730e+02 3.592589217624210107e+01
7.493497945963257223e+01 -1.626934440159571693e+02 2.831059168432641826e+01
8.589577138762183495e+01 -1.523519833466048397e+02 3.735881381735383400e+01
1.007920131783365889e+02 -1.409568534062186984e+02 2.903930662800537732e+01
1.088764450530288741e+02 -1.270628552658699704e+02 3.804365483060721687e+01
1.199903092789337933e+02 -1.152765199733047581e+02 2.913506947297863903e+01
1.251182775884960989e+02 -9.962274635958188185e+01 3.768140534592123458e+01
1.339984630312874287e+02 -8.889865127482840990e+01 2.844406665112272492e+01
1.371207394760299962e+02 -7.228252361379806246e+01 3.618510510204055208e+01
1.451581470219134644e+02 -6.238452784627642700e+01 2.700734600019588783e+01
1.471229300371389002e+02 -4.459849047974788050e+01 3.380516444104568308e+01
1.545981304597758594e+02 -3.466732287042612626e+01 2.508703919743987854e+01
1.552439621283425026e+02 -1.521741186366068099e+01 3.104133847117397949e+01
1.613984970169650524e+02 -4.828092936515719913e+00 2.305248412390300317e+01
1.733871527468782290e+02 1.490243517329909118e+01 1.937448583424956405e+00
1.697274090720752611e+02 2.530959091481981815e+01 8.494076230404026262e+00
1.698972989378309251e+02 4.388614662860464932e+01 1.553192639444201051e+00
1.647767896597348454e+02 5.469377359990227205e+01 7.811505357162108254e+00
1.610271206428452331e+02 7.078105129703820353e+01 1.254877710183038397e+00
1.542344910934501740e+02 8.174462298830681561e+01 7.322591325714205013e+00
1.476897700991843010e+02 9.468196559607072516e+01 1.064278607996297810e+00
1.391555725258948257e+02 1.055381457659808433e+02 7.057401908865176487e+00
1.309604134139088387e+02 1.153675277098907515e+02 9.896882933340099830e-01
1.205735962737152676e+02 1.257345158720250282e+02 7.022284232769515633e+00
1.113772590872870296e+02 1.328420926009692664e+02 1.029160931900636955e+00
9.891474637702235384e+01 1.421415126756730558e+02 7.202551881434709813e+00
8.892427715107469055e+01 1.469130690034359930e+02 1.169955941999204052e+00
7.424235510919703529e+01 1.544607285888877470e+02 7.558732216294131057e+00
6.366141783332958681e+01 1.571805416401699063e+02 1.385341266760058199e+00
4.699432784551132869e+01 1.624348965201662054e+02 8.023554965987754528e+00
3.636645889961101119e+01 1.633744565085831084e+02 1.634778691692827524e+00
1.837921300104624223e+01 1.661437493462375130e+02 8.510291516200174655e+00
8.490761087450341194e+00 1.656544183502976750e+02 1.872077816972479214e+00
-9.012667012345310980e+00 1.653662495570061139e+02 1.872077816972479214e+00
-1.862365222127509767e+01 1.654106794400875913e+02 8.937170497130809466e+00
-3.532882496602029931e+01 1.624820135077510201e+02 2.061657672623461668e+00
-4.559495405050251549e+01 1.612288962214245487e+02 9.258603790998481742e+00
-6.077686284755743884e+01 1.569164177992446128e+02 2.193511110840151712e+00
-7.181196711388106735e+01 1.539113547061141674e+02 9.480614218241763425e+00
-8.609601237170919319e+01 1.483573876739930313e+02 2.283668099866743351e+00
-9.776050137386333461e+01 1.428684671026084345e+02 9.643647334575049967e+00
-1.115423823952787075e+02 1.360383107489423082e+02 2.356544227173438255e+00
-1.230228510683405716e+02 1.273516894891690043e+02 9.780319029142594545e+00
-1.359727489402494882e+02 1.192269047175383179e+02 2.420339794434288816e+00
-1.456805162406882914e+02 1.070270333077832703e+02 9.875850227175911655e+00
-1.567651466227721357e+02 9.775207514993769564e+01 2.452075425206753589e+00
-1.628739544054495809e+02 8.233504470883860904e+01 9.860700517303508050e+00
-1.709588495740217411e+02 7.225001720200539523e+01 2.405190084561886099e+00
-1.723749073179054676e+02 5.444169539985414019e+01 9.648836226029816387e+00
-1.769607291292205389e+02 4.404677061676250105e+01 2.240211133933061927e+00
-1.739226331824539500e+02 2.493751959988016864e+01 9.204027771947441039e+00
-1.753895142649616332e+02 1.485726402000981672e+01 1.960381630479510529e+00
-1.708180545639231696e+02 -3.817093031819788873e+00 1.960381630479510529e+00
-1.661107107679129626e+02 -1.351967144080382432e+01 8.587290959037892080e+00
-1.616419633200461021e+02 -3.068355145602810907e+01 1.623474321023511857e+00
-1.564310654059835031e+02 -4.014637528216907469e+01 7.945767923554226009e+00
-1.503072932309856355e+02 -5.451612990777685042e+01 1.318858594995845346e+00
-1.444394445952389958e+02 -6.356991156736295068e+01 7.451479683099599072e+00
-1.373323311601746468e+02 -7.495290320809594675e+01 1.129186080568884920e+00
-1.302908664678907087e+02 -8.370401497594993145e+01 7.236372334666678618e+00
-1.224588834283504895e+02 -9.257562948196327568e+01 1.103751246562924893e+00
-1.137046675915012628e+02 -1.014487265283922852e+02 7.357662672421876771e+00
-1.052445043802182028e+02 -1.086843576857381066e+02 1.250476418324083072e+00
-9.444989596694547629e+01 -1.182605495242881517e+02 7.793297907682431358e+00
-8.542113217687344218e+01 -1.246571554651532239e+02 1.539386481823479480e+00
-7.244362198972306999e+01 -1.352639445395185476e+02 8.456364108580979533e+00
-6.289101180965941040e+01 -1.410990846273449222e+02 1.913542619222632135e+00
-4.759666158795518953e+01 -1.522414414268630765e+02 9.224320043886622855e+00
-3.760966706610669519e+01 -1.570888852921520140e+02 2.307342417129121248e+00
-1.984874022786818770e+01 -1.670237592525128889e+02 9.979581726883278492e+00
-9.713630652618862271e+00 -1.699918514940280829e+02 2.668804302219288882e+00
9.221885159304733293e+00 -1.753169976788715871e+02 2.668804302219288882e+00
2.004660767477030348e+01 -1.775115744585224604e+02 1.064329653921367402e+01
3.936508220781096412e+01 -1.766252469369049436e+02 2.971057229459516780e+00
5.112621431331017874e+01 -1.745475592031503140e+02 1.117965186396231125e+01
6.857200865444751514e+01 -1.686798032261796436e+02 3.205159626967927000e+00
8.001819358039750796e+01 -1.619240981990118371e+02 1.157006961654560406e+01
9.463557878480646934e+01 -1.530116675021801882e+02 3.361474982042807813e+00
1.044486064547563018e+02 -1.423858833787393792e+02 1.178248986047516134e+01
1.162504620922978376e+02 -1.326320183372515089e+02 3.417579870897485161e+00
1.237077330417830439e+02 -1.194166530721656301e+02 1.176581128079912197e+01
1.335455932636949683e+02 -1.100789649229829479e+02 3.344796402366768451e+00
1.387083549436370333e+02 -9.521473673936860393e+01 1.147671589974777184e+01
1.475456393731505216e+02 -8.633575586066498886e+01 3.128484489846134142e+00
1.508731550066843852e+02 -7.012167462860317357e+01 1.091807613937642607e+01
1.590856413097782536e+02 -6.108781460585234413e+01 2.786156641995422678e+00
1.608458337476442921e+02 -4.341950021420385042e+01 1.015730125920907767e+01
1.680208197361125144e+02 -3.375852559563392674e+01 2.367709609678786631e+00
1.679276513368666315e+02 -1.461702932471124861e+01 9.308593200638611620e+00
1.732130005774275787e+02 -4.531353206446182114e+00 1.937448583424956405e+00
1.786338632778563635e+02 1.490243517329909118e+01 -1.210132889438940929e+01
1.784206554343309961e+02 2.534651543704704935e+01 -1.918393408320758198e+01
1.733438347691085255e+02 4.392307115083187341e+01 -1.208604019635304105e+01
1.700376769834375921e+02 5.370593838920085261e+01 -1.912560538372942887e+01
1.628414721352704078e+02 6.975629156410954579e+01 -1.204300019491125973e+01
1.569083917212352617e+02 7.812462992839842002e+01 -1.902520959995727168e+01
1.485493192345441855e+02 9.208673226909098730e+01 -1.198564441258088031e+01
1.405645418734162320e+02 9.900028152113729618e+01 -1.891591857369122209e+01
1.315098336260703604e+02 1.114248967920269564e+02 -1.193370916864521369e+01
1.216258756631093831e+02 1.171972142297402826e+02 -1.883280365163896164e+01
1.118801182645196093e+02 1.282474218765483158e+02 -1.190252949052861631e+01
9.977596337034985652e+01 1.330579412196100009e+02 -1.879235809592456263e+01
8.928263496716958514e+01 1.424241682717939170e+02 -1.189326361293081824e+01
7.465612287332676544e+01 1.460659824734451604e+02 -1.877929320851166750e+01
6.371682778136442238e+01 1.532746962563693671e+02 -1.188946460311571762e+01
4.689532194337883908e+01 1.552904415983827278e+02 -1.875163456388223437e+01
3.621204304944368602e+01 1.601358469706001415e+02 -1.186560496830138511e+01
1.822479715087890995e+01 1.601868556267760084e+02 -1.866810267733806938e+01
8.490761087450342970e+00 1.629361341688191658e+02 -1.180593271657155618e+01
-9.012667012345312756e+00 1.626479653755276047e+02 -1.180593271657155618e+01
-1.813677668289870937e+01 1.604034455156245826e+02 -1.852568613865988567e+01
-3.484194942764391101e+01 1.601930637647665492e+02 -1.172318842962320140e+01
-4.417523628496764587e+01 1.572259444403991040e+02 -1.838262098854985993e+01
-5.984402062039894332e+01 1.552024157612036106e+02 -1.166286756646152689e+01
-7.005019947682340842e+01 1.513903873880808248e+02 -1.834620608959050969e+01
-8.526708696181002267e+01 1.475504223940006625e+02 -1.168677353066385116e+01
-9.713069967354090295e+01 1.424288012105928090e+02 -1.852828058438727510e+01
-1.117415061048554463e+02 1.364056101369190799e+02 -1.184494206125829230e+01
-1.253102719415214068e+02 1.291653460407743239e+02 -1.898740481935824675e+01
-1.380610461038535846e+02 1.206732618811668516e+02 -1.214589776563482637e+01
-1.519036649529225542e+02 1.104349304294780296e+02 -1.967715674773846146e+01
-1.608999981714023022e+02 9.971361510800390704e+01 -1.253469398963850345e+01
-1.722923483485090799e+02 8.597991665009710971e+01 -2.042157735394569329e+01
-1.762423919684511020e+02 7.393334918519767029e+01 -1.289031837184205820e+01
-1.825819201033137062e+02 5.696748097423837010e+01 -2.095357771622336429e+01
-1.818841995201994166e+02 4.488922420795445589e+01 -1.306669435191617445e+01
-1.822256934390663332e+02 2.577997319107211993e+01 -2.103738757909546209e+01
-1.787691041305951103e+02 1.485726402000981672e+01 -1.297412823471415599e+01
-1.741976444295566466e+02 -3.817093031819789317e+00 -1.297412823471415599e+01
-1.710413622140301300e+02 -1.385657875025982300e+01 -2.061481723124780530e+01
-1.631930249005297924e+02 -3.102045876548410774e+01 -1.264412400406851766e+01
-1.582042300724864390e+02 -4.050955135461484247e+01 -1.985344006903660130e+01
-1.505293963170049096e+02 -5.454239867076661596e+01 -1.221275107250295200e+01
-1.443582755074822899e+02 -6.288924019902857765e+01 -1.904809631762383759e+01
-1.370290589863986668e+02 -7.424596307677181528e+01 -1.183878025265575396e+01
-1.297945860637525470e+02 -8.147853649451037938e+01 -1.846758908612168426e+01
-1.222658751979883220e+02 -9.105709113184786929e+01 -1.163224384100079867e+01
-1.136311891821507061e+02 -9.773987370232099181e+01 -1.825794860547146570e+01
-1.053640342012298134e+02 -1.064940432097822196e+02 -1.162913977200553539e+01
-9.481029227611189469e+01 -1.133765981012638946e+02 -1.842371515569610096e+01
-8.566199866502823568e+01 -1.219635185180848538e+02 -1.179801039122543393e+01
-7.276575022441056717e+01 -1.294779136029604842e+02 -1.885110375989461318e+01
-6.297227355619211409e+01 -1.380066906378552574e+02 -1.205652837620404760e+01
-4.756617685065842949e+01 -1.457655195737608551e+02 -1.935299001997943691e+01
-3.749792058227723146e+01 -1.537053574285394575e+02 -1.229989665131025767e+01
-1.973699374403872397e+01 -1.602656914265576518e+02 -1.973933078641969630e+01
-9.713630652618860495e+00 -1.666173115316854023e+02 -1.244286914264430699e+01
9.221885159304731516e+00 -1.719424577165289065e+02 -1.244286914264430699e+01
1.956825674378389479e+01 -1.714021180644132016e+02 -1.989471955373479872e+01
3.888673127682455544e+01 -1.738903305051383654e+02 -1.245528541862536009e+01
4.973044884136561450e+01 -1.705236665387538153e+02 -1.981855403988088682e+01
6.765459411348935248e+01 -1.673908269935497231e+02 -1.236670362879039509e+01
7.842752037318324199e+01 -1.613336764784800437e+02 -1.960113022204851063e+01
9.396232011855035182e+01 -1.537102220142782869e+02 -1.223786160079298746e+01
1.043901387671141663e+02 -1.456745749851384346e+02 -1.935942980490990806e+01
1.168652530709118338e+02 -1.352221554315524656e+02 -1.212500321165178896e+01
1.270214888470841572e+02 -1.257319046077220293e+02 -1.918059836727237411e+01
1.362445580903820712e+02 -1.138040793642383903e+02 -1.205903016315545351e+01
1.462634735605549849e+02 -1.026657068920873002e+02 -1.909896598563575765e+01
1.524017931633813987e+02 -9.006161157212825685e+01 -1.204337083001517250e+01
1.619958681456951695e+02 -7.651304534862548223e+01 -1.910151410197515176e+01
1.653522006585581892e+02 -6.375332961441139190e+01 -1.206157827949484762e+01
1.735022812760308852e+02 -4.721132897416343610e+01 -1.914677791404040264e+01
1.744107079157191720e+02 -3.488483934703447176e+01 -1.208863464208042338e+01
1.795642500474514236e+02 -1.574334307611179362e+01 -1.918652852893496430e+01
1.784597111084057133e+02 -4.531353206446181225e+00 -1.210132889438940929e+01
1.793585012353922821e+02 1.570166344549730653e+01 -3.324309649173710568e+01
1.750998575620555471e+02 2.650507444248794187e+01 -4.053918750040858754e+01
1.708558539753232992e+02 4.593279367240665323e+01 -3.351959027925545342e+01
1.636345849282540428e+02 5.501664310479760900e+01 -4.098487621286275839e+01
1.568833275223331896e+02 7.115812618588067551e+01 -3.357310072238274756e+01
1.475100584031749804e+02 7.834256336949866295e+01 -4.105084926135909029e+01
1.395503452409490706e+02 9.222261636406271634e+01 -3.343323230004395441e+01
1.284024752442602164e+02 9.814068605638941278e+01 -4.080576679889728808e+01
1.195327139137664290e+02 1.106906686511773188e+02 -3.318754755553829483e+01
1.062053241885231358e+02 1.159318659849847251e+02 -4.037536678447948191e+01
9.619433104369633725e+01 1.272489309066094165e+02 -3.291045148597609682e+01
8.011358579026686755e+01 1.317153618850768453e+02 -3.984285679893392995e+01
6.906870602307755291e+01 1.411661863997286446e+02 -3.261079300446325391e+01
5.052194010576966576e+01 1.440850305018115591e+02 -3.921286978105952414e+01
3.928785111803329499e+01 1.510005719175414072e+02 -3.224353994587445982e+01
1.964576580988948606e+01 1.515550420329937253e+02 -3.847437933651489317e+01
9.265990736670259409e+00 1.558959203700109413e+02 -3.178497166355935377e+01
-9.592154997311707731e+00 1.564006790521510766e+02 -3.164255512488117006e+01
-1.923441254313406645e+01 1.534454663804968106e+02 -3.763252802736679570e+01
-3.711232108604479407e+01 1.544811135196028999e+02 -3.117509160007217162e+01
-4.704121855535508701e+01 1.504412835457381732e+02 -3.712749136889872403e+01
-6.431031261070238259e+01 1.493740860934115915e+02 -3.101835928050539337e+01
-7.564910601529389567e+01 1.439811136845522128e+02 -3.727894213823476122e+01
-9.325260559314578757e+01 1.408757937958135926e+02 -3.144829600104330325e+01
-1.067921375859907016e+02 1.333096024551662424e+02 -3.839066213241876824e+01
-1.242389975030517775e+02 1.276223457738007312e+02 -3.261310947386269987e+01
-1.389339844323422994e+02 1.166742944275084568e+02 -4.048373122298575311e+01
-1.538478777198808700e+02 1.079789632427932276e+02 -3.438928555058492975e+01
-1.662085121059577375e+02 9.275049341080936927e+01 -4.311259968564550604e+01
-1.756566495161061994e+02 8.147276213958737401e+01 -3.628735424710621515e+01
-1.815769893484443571e+02 6.220311878148712026e+01 -4.535503472308901962e+01
-1.845522163157098703e+02 4.974440508103755576e+01 -3.755251717430979852e+01
-1.823912746717389837e+02 2.806646747649317319e+01 -4.619989744245640395e+01
-1.807624723782097647e+02 1.618029235281165157e+01 -3.757165121154925203e+01
-1.741496008542120535e+02 -4.781902536690687100e+00 -3.714908086370159879e+01
-1.679648592046206659e+02 -1.555371689107282052e+01 -4.489391832443451591e+01
-1.598678257363953890e+02 -3.411748569377269291e+01 -3.556897075694880783e+01
-1.523050627704592443e+02 -4.374056287296760104e+01 -4.251087359444439073e+01
-1.444703462970276746e+02 -5.847947006207172649e+01 -3.363068815165307512e+01
-1.362351122644311943e+02 -6.672068058571876747e+01 -4.005958567594647235e+01
-1.288885685522396898e+02 -7.836302414041419695e+01 -3.210580267538316690e+01
-1.196661942497616451e+02 -8.575242253649550150e+01 -3.844829589107708756e+01
-1.119375257454368864e+02 -9.555071746106482067e+01 -3.143578706628627017e+01
-1.008036935533087188e+02 -1.029424786559335843e+02 -3.804198715841356915e+01
-9.194361506490461977e+01 -1.120141897886714304e+02 -3.165872408128932847e+01
-7.805841950827378639e+01 -1.199195585787862370e+02 -3.866664629666923503e+01
-6.802884827886339281e+01 -1.287963619762543317e+02 -3.248473073974518854e+01
-5.117722833868494803e+01 -1.367314279040700740e+02 -3.976418949812861570e+01
-4.050803357869845200e+01 -1.451718084666818243e+02 -3.342702416205342786e+01
-2.119419198445669750e+01 -1.513982928948512949e+02 -4.064662535115507325e+01
-1.049140841817816927e+01 -1.585523379999485201e+02 -3.401202534419051915e+01
9.878326257720852155e+00 -1.643636184529605657e+02 -3.416741411150562158e+01
2.067450987018520436e+01 -1.623665438543067978e+02 -4.084486880235999706e+01
4.120815792078930428e+01 -1.660383794993748836e+02 -3.393544286584470626e+01
5.213499040738263091e+01 -1.605894875192127813e+02 -4.019389457172657387e+01
7.143020758765281641e+01 -1.590176240435220052e+02 -3.331143233902087530e+01
8.211209659994828769e+01 -1.505257715308544846e+02 -3.921991184803385977e+01
9.953722803404254194e+01 -1.448061769366726423e+02 -3.263117793517841392e+01
1.099144549909223798e+02 -1.339569925043489036e+02 -3.839316391937018125e+01
1.249236015001663134e+02 -1.253351397289842595e+02 -3.217701094472226231e+01
1.349346873037690955e+02 -1.121508151538509850e+02 -3.803689092573478092e+01
1.470514901208598815e+02 -1.014092075604376646e+02 -3.208041417076519508e+01
1.560638996369717688e+02 -8.517043276457771128e+01 -3.824472456025343092e+01
1.648699580589806999e+02 -7.287836587272457223e+01 -3.232141964708397097e+01
1.713582035292880050e+02 -5.316187556747043175e+01 -3.890519631542459678e+01
1.766341942334751707e+02 -4.025455440312339306e+01 -3.277049040486133435e+01
1.786546188436754221e+02 -1.813912838779889469e+01 -3.977150954143088057e+01
1.806762480179633599e+02 -5.954406687916264040e+00 -3.324569093746448800e+01
1.703973320223961991e+02 1.606099417873997837e+01 -5.379458135671697505e+01
1.624761185815891622e+02 2.688414149501392458e+01 -6.083183007469391868e+01
1.599573750741792537e+02 4.641207119115284030e+01 -5.504172215199282903e+01
1.494852192013099739e+02 5.495062372691328534e+01 -6.205196083677218155e+01
1.437891599362265254e+02 7.073963282417604148e+01 -5.547286343661845365e+01
1.315443490201221834e+02 7.757048411866200865e+01 -6.214434163642224718e+01
1.241173774903817417e+02 9.109148435631131235e+01 -5.509486196001621039e+01
1.098726658829562837e+02 9.726793304545266494e+01 -6.125384446988570630e+01
1.008303739115914652e+02 1.095583320793382001e+02 -5.415256853770796397e+01
8.376072787153681531e+01 1.153148511957472664e+02 -5.974220919858065315e+01
7.305493289503898779e+01 1.261548160798612201e+02 -5.289741275831001133e+01
5.323350652598977462e+01 1.304520058040048127e+02 -5.793017417555493864e+01
4.174539350390973169e+01 1.389313957113033098e+02 -5.147769499277514171e+01
2.077726845274479928e+01 1.402365409003413959e+02 -5.607426522210364084e+01
9.911729746460920865e+00 1.459446458063019634e+02 -5.004027940102847083e+01
-1.011030287258066807e+01 1.473303114716649134e+02 -4.934084463055854997e+01
-2.019440379165410704e+01 1.432827444900060243e+02 -5.421756866905653283e+01
-3.924741093151779836e+01 1.453580694249732517e+02 -4.846165183469132387e+01
-4.974597455554081904e+01 1.393608691379613447e+02 -5.381214019476480814e+01
-6.887857558396960656e+01 1.390511108498668875e+02 -4.873856258670157615e+01
-8.112737082744102679e+01 1.307179364910616925e+02 -5.519349722704478722e+01
-1.014374332516102299e+02 1.280817479850996676e+02 -5.067624290995344438e+01
-1.154148706197271537e+02 1.163641655043100940e+02 -5.870406027252316505e+01
-1.354645618833981757e+02 1.106439686280844086e+02 -5.428910124411154925e+01
-1.478862120734565337e+02 9.440704700774399782e+01 -6.378018599692580182e+01
-1.637162690084775249e+02 8.520890297518418777e+01 -5.869813011086058196e+01
-1.692237213350577463e+02 6.446728230189748388e+01 -6.861993918380855462e+01
-1.776363042648761166e+02 5.273922937942241163e+01 -6.210208923457628316e+01
-1.734466913796429708e+02 2.935780650791053148e+01 -7.083133353129943544e+01
-1.752264348192403531e+02 1.714375830543086821e+01 -6.273165928795879154e+01
-1.674128908761197465e+02 -5.514231172632788613e+00 -6.184825051778454963e+01
-1.583676801533116247e+02 -1.673738642480374850e+01 -6.837564432094256972e+01
-1.513568855158763995e+02 -3.639994932243870096e+01 -5.836321496508810469e+01
-1.415931059853589034e+02 -4.619958779925968884e+01 -6.368029983642151848e+01
-1.343060492073452679e+02 -6.178141187343564411e+01 -5.425685599007120175e+01
-1.241999418289770603e+02 -7.038380630584492792e+01 -5.921650963306948512e+01
-1.169066305835849136e+02 -8.271247341420937005e+01 -5.136173253463867638e+01
-1.053361902390484346e+02 -9.091277508826213705e+01 -5.677068858235426774e+01
-9.696192171309697017e+01 -1.013444854054170463e+02 -5.046345203091998144e+01
-8.243209905198720833e+01 -1.096246126149748505e+02 -5.669572763258807413e+01
-7.238867533556812361e+01 -1.191279746556061951e+02 -5.128218497546156840e+01
-5.435014280449951940e+01 -1.267958126735013877e+02 -5.813698856353782674e+01
-4.316826703702675161e+01 -1.355224625244971435e+02 -5.280090864312893473e+01
-2.247570918562039211e+01 -1.404866564475183566e+02 -5.961040208975194332e+01
-1.117082889303683402e+01 -1.479221062552607577e+02 -5.379328413385327678e+01
1.032813828570604109e+01 -1.530790767617041865e+02 -5.383613881774310528e+01
2.140892332858681257e+01 -1.488964596140573917e+02 -5.970602594656125461e+01
4.268212739965929359e+01 -1.527350347264978723e+02 -5.297320763706001401e+01
5.348141508111891795e+01 -1.444973915657259624e+02 -5.823882055833765037e+01
7.361616710113771944e+01 -1.438599918457733224e+02 -5.136798700201719470e+01
8.394414591858526364e+01 -1.322182969025097634e+02 -5.630507823306483317e+01
1.028173023742756556e+02 -1.280348921552671584e+02 -4.991898906327327268e+01
1.125548594711913921e+02 -1.133820649690466240e+02 -5.499247401256052115e+01
1.296630978914408843e+02 -1.061198407429950947e+02 -4.932652884966994833e+01
1.379874233371402283e+02 -8.796863514033724130e+01 -5.495893153565648959e+01
1.522714222655803553e+02 -7.776083475533317824e+01 -4.983360400120954381e+01
1.572225976305766721e+02 -5.582132142620292115e+01 -5.624480369929114687e+01
1.675033204722753908e+02 -4.351442913019330661e+01 -5.123970092667565979e+01
1.667590388542321307e+02 -1.939511809618064930e+01 -5.835779442669340256e+01
1.726343465214449679e+02 -6.927138518133280520e+00 -5.302430895201188576e+01
1.526964480709914369e+02 1.608073049802329280e+01 -7.191187384736684862e+01
1.426962033441780591e+02 2.682590545431175499e+01 -7.778588429171603025e+01
1.420037179819065045e+02 4.616786898706283182e+01 -7.371607920382243151e+01
1.295381938614225419e+02 5.472217351473953784e+01 -7.883362340108722321e+01
1.247748841647216267e+02 7.033577954907595142e+01 -7.384098323384077389e+01
1.101941455062119672e+02 7.773662130399054604e+01 -7.792427017363915809e+01
1.027188987541870233e+02 9.114777456271794165e+01 -7.238661108609012729e+01
8.528630828862654312e+01 9.811492691666752819e+01 -7.553663883423811853e+01
7.537042937734115355e+01 1.099916045158113178e+02 -6.999351287890640094e+01
5.488107222165455568e+01 1.154648657540556229e+02 -7.255233130692678856e+01
4.344994434680097584e+01 1.250853021581351783e+02 -6.733378904384596808e+01
2.158205625150169737e+01 1.267662713425400085e+02 -6.980856596205430264e+01
1.039749337952557262e+01 1.334381201774477290e+02 -6.500152132309177944e+01
-1.055214624583174832e+01 1.350986581017494075e+02 -6.384425954051458518e+01
-2.098330061033077598e+01 1.294587500549086769e+02 -6.772026879845017788e+01
-4.112412178017615361e+01 1.316456361561533868e+02 -6.344406628706560980e+01
-5.201175960453078773e+01 1.229882950695891424e+02 -6.875920532410347619e+01
-7.288240762336685918e+01 1.223703536925918627e+02 -6.558221387214589981e+01
-8.519430349327930685e+01 1.103860992545376405e+02 -7.306445636175716629e+01
-1.074167040654703982e+02 1.070160995722178683e+02 -7.070355707922578858e+01
-1.192338947304362904e+02 9.083861855666735607e+01 -8.030008751910301612e+01
-1.396537114747514181e+02 8.394976286841917101e+01 -7.779167546521465226e+01
-1.454606369652925082e+02 6.328356643877855703e+01 -8.789921905461052631e+01
-1.592005898905778167e+02 5.299922990481666574e+01 -8.380953865926964852e+01
-1.548084249210567975e+02 2.938500185866007541e+01 -9.169869216358830499e+01
-1.606419434803035529e+02 1.747163138422900985e+01 -8.523833698485037758e+01
-1.533764761970928134e+02 -5.965572070421613304e+00 -8.366605654466772535e+01
-1.425636140049524556e+02 -1.741096939677580124e+01 -8.777639984705169240e+01
-1.377910384306537424e+02 -3.798242222797892964e+01 -7.780307249465994346e+01
-1.265017248124344889e+02 -4.816135940426585194e+01 -8.071102919056542646e+01
-1.201976849887714280e+02 -6.498091940795589494e+01 -7.154791017532528485e+01
-1.080846348521077829e+02 -7.425930594051266098e+01 -7.492888992259844372e+01
-1.005164513477769077e+02 -8.786249451245444675e+01 -6.800644542805824244e+01
-8.562882682322812400e+01 -9.650033092667531776e+01 -7.290536124340295032e+01
-7.591874305338987483e+01 -1.078307387120408123e+02 -6.790187999936706831e+01
-5.702714750127983478e+01 -1.148172567501698040e+02 -7.426197838249680672e+01
-4.550197096880859959e+01 -1.242789686709990349e+02 -6.991062960379406377e+01
-2.361731163505730891e+01 -1.271666794243533190e+02 -7.665929256398753466e+01
-1.177292561934186210e+01 -1.346477173498768991e+02 -7.169514497035432044e+01
1.061273971612245859e+01 -1.379005500099724770e+02 -7.174791414327378902e+01
2.188653298936539571e+01 -1.311398414089018445e+02 -7.722214829866588559e+01
4.348200428328936340e+01 -1.338981078522148778e+02 -7.044587302323097333e+01
5.403454164431956741e+01 -1.228333527775783125e+02 -7.521969949100538599e+01
7.436193125959663064e+01 -1.217909415478258239e+02 -6.794973825715970861e+01
8.405074984034794738e+01 -1.071647074303109690e+02 -7.257100205028633866e+01
1.033705215962522885e+02 -1.029392355987743457e+02 -6.599982697547872590e+01
1.115368638289091052e+02 -8.469393500911085937e+01 -7.117783102406916385e+01
1.290455271495475245e+02 -7.698555877672528425e+01 -6.580288074713749324e+01
1.336161065922142370e+02 -5.481796587052517822e+01 -7.191687742126967464e+01
1.475091781448031725e+02 -4.386152890500687818e+01 -6.748412790787025983e+01
1.457732159768553970e+02 -1.936991490911463387e+01 -7.432934131263280619e+01
1.547423538445856082e+02 -7.210396396298018651e+00 -7.020811060407143600e+01
1.298621289422416396e+02 1.600275813803780878e+01 -8.607740853071912568e+01
1.193675959749736393e+02 2.678837865004066643e+01 -8.993646123265077108e+01
1.197361462564261245e+02 4.616583049399131511e+01 -8.676248119091245314e+01
1.061057623337347877e+02 5.525797288683229880e+01 -8.902428191253537193e+01
1.013270712802215172e+02 7.121515766249513035e+01 -8.517871106250852620e+01
8.442499863652307113e+01 7.930088676005109960e+01 -8.604437567708296797e+01
7.585948239695302675e+01 9.278950275549611604e+01 -8.193996253636160532e+01
5.543739551262644483e+01 9.903011764700221420e+01 -8.224902588363622158e+01
4.437486424861334200e+01 1.098288030464179741e+02 -7.840452060953313662e+01
2.207819766747588730e+01 1.113456272091777777e+02 -7.927041687104750167e+01
1.071651754521781896e+01 1.186626591012202852e+02 -7.589300448664950238e+01
-1.089919969125733878e+01 1.196945998892872467e+02 -7.496196910562258608e+01
-2.158391479622015297e+01 1.122057786265815338e+02 -7.849402898712786225e+01
-4.255565353964822606e+01 1.133125877056387054e+02 -7.656746771699334886e+01
-5.349165924506337433e+01 1.019836624606888620e+02 -8.261998529326412211e+01
-7.525966117985836945e+01 9.967511538658504833e+01 -8.229396538998554433e+01
-8.622985797360938420e+01 8.454579044489764783e+01 -9.106935375714574832e+01
-1.079816909519962422e+02 7.907929329729971357e+01 -9.143637516879459781e+01
-1.147949370790463632e+02 5.986278974722284829e+01 -1.010118720665248020e+02
-1.318540663480275157e+02 5.095591857694986260e+01 -9.998312800622909435e+01
-1.293163741209301065e+02 2.845753384050830803e+01 -1.065571291737040269e+02
-1.385307797686740514e+02 1.717095365618040859e+01 -1.023623737264041296e+02
-1.335514361357804489e+02 -6.187814144604841360e+00 -1.000123618500501550e+02
-1.223460250392092945e+02 -1.773805487597813269e+01 -1.015984021184655433e+02
-1.200688892901620193e+02 -3.914014730443601309e+01 -9.227039681137254945e+01
-1.076051720158096430e+02 -4.978752092267970397e+01 -9.342084817391537399e+01
-1.019249574014184532e+02 -6.808711955506629465e+01 -8.524246030038139565e+01
-8.697997709453927939e+01 -7.744310781250463549e+01 -8.838831840361038417e+01
-7.825203002067981117e+01 -9.225313061217185862e+01 -8.297366384117214011e+01
-5.895588625264984017e+01 -9.876361418871388764e+01 -8.880885025838652780e+01
-4.744108750308813427e+01 -1.099973325413463385e+02 -8.510064604374707642e+01
-2.461103067803334099e+01 -1.108014717286713875e+02 -9.226423500277000755e+01
-1.231243134247375082e+01 -1.185091066908491513e+02 -8.817423030171320875e+01
1.080574794648462778e+01 -1.192294360153020847e+02 -8.868431686347209109e+01
2.224303762994074418e+01 -1.101416949143200554e+02 -9.416063584132371034e+01
4.387636003385171790e+01 -1.109873452332832500e+02 -8.747229374429190329e+01
5.408823740499882149e+01 -9.776109256201995379e+01 -9.203073488730545648e+01
7.393523759621795932e+01 -9.498086598880013298e+01 -8.439940442714558344e+01
8.251669114525621751e+01 -7.820295610491218952e+01 -8.887046834441188992e+01
1.007985456220430223e+02 -7.214149695675955343e+01 -8.222007001614308308e+01
1.060680038825237403e+02 -5.154409966828258405e+01 -8.734238614037073489e+01
1.213769015320565074e+02 -4.192894481443379107e+01 -8.241414382242899705e+01
1.203899929091148664e+02 -1.850452827086812846e+01 -8.797668179132813293e+01
1.308932358013247779e+02 -6.901935331067265089e+00 -8.432462879493134267e+01
1.055763100877965002e+02 1.604320369375220423e+01 -9.608302746653922100e+01
9.520918293749828365e+01 2.704559941215558538e+01 -9.757182234956567868e+01
9.537008490198407173e+01 4.688291676128503838e+01 -9.368705683730014755e+01
8.044618446663987754e+01 5.643228388418945229e+01 -9.339254091785409173e+01
7.427978925469214744e+01 7.289306910729268907e+01 -8.959543060766374367e+01
5.484905861455415277e+01 7.991317595171371124e+01 -8.870215367784786054e+01
4.457218111205849453e+01 9.256160849597821993e+01 -8.546016209454170109e+01
2.232508697606926162e+01 9.379725960303279919e+01 -8.582194828534778708e+01
1.089363479549976077e+01 1.017825929168166255e+02 -8.347670833595668682e+01
-1.115276043172112708e+01 1.016108035461534058e+02 -8.363135583306396370e+01
-2.201987433719662945e+01 9.242007221567183706e+01 -8.771566201939810981e+01
-4.338703440711080361e+01 9.168612205115010738e+01 -8.863085274973278160e+01
-5.385905129181612949e+01 7.823961946938710810e+01 -9.587435990303676192e+01
-7.493387292351972917e+01 7.340783493723844799e+01 -9.863888081372829220e+01
-8.289437368534143502e+01 5.615036955827639531e+01 -1.073768350353933840e+02
-1.010036048624812395e+02 4.807182151585871566e+01 -1.093828048765410443e+02
-1.012844999418585559e+02 2.725157987115467151e+01 -1.150905391473976920e+02
-1.125381399313262563e+02 1.654416336607724602e+01 -1.132936075048563964e+02
-1.105471344824990467e+02 -6.292657549623944746e+00 -1.106848923259718731e+02
-9.968812821992162299e+01 -1.790701815397401120e+01 -1.108393081761391841e+02
-9.902330150227948025e+01 -3.999978909857188114e+01 -1.029032693311756930e+02
-8.486369698058980759e+01 -5.064744069314350128e+01 -1.040925447208532688e+02
-7.850058718724078233e+01 -6.979116077468965784e+01 -9.775598166682195256e+01
-5.952545974858659150e+01 -7.691713027066553821e+01 -1.026025452737390822e+02
-4.870870588785512467e+01 -9.107956088502253067e+01 -9.907006842774190147e+01
-2.534952112257797907e+01 -9.095581508970393259e+01 -1.065665340394658074e+02
-1.276664466231789419e+01 -9.944400758072032431e+01 -1.034689048291333648e+02
1.096924435669780529e+01 -9.806390144191604463e+01 -1.048552191059281711e+02
2.254644879188069595e+01 -8.737580429163003259e+01 -1.101320437390991458e+02
4.403211943627073310e+01 -8.622734509277073300e+01 -1.039959016175082240e+02
5.365760574364107072e+01 -7.156807812161970617e+01 -1.077147615913851411e+02
7.229517726140740308e+01 -6.632391570698098349e+01 -1.002206587784486800e+02
7.877035784430181309e+01 -4.796719293920395444e+01 -1.034008932875655091e+02
9.426132998863134560e+01 -3.924883604865820530e+01 -9.717301897775635666e+01
9.474783489190383534e+01 -1.747416268199279443e+01 -1.001441226294908518e+02
1.055676001628545890e+02 -6.345009758051511461e+00 -9.587602776100436586e+01
8.169842149459452685e+01 1.625997890015272773e+01 -1.029916658034586874e+02
7.101815401087864643e+01 2.747257105186220016e+01 -1.023699254166463390e+02
6.960501501843820904e+01 4.780755868676947529e+01 -9.665556604330726032e+01
5.256603903323227911e+01 5.638215548638535779e+01 -9.540013228758137132e+01
4.397647784129594584e+01 7.202698752822635697e+01 -9.124383023231231959e+01
2.233792021654221216e+01 7.371092179346248940e+01 -9.192783731658190050e+01
1.096340685381119329e+01 8.283276132400443714e+01 -8.974794695292352742e+01
-1.133515923223381527e+01 8.162736330730666623e+01 -9.148701318986657327e+01
-2.230739451905635562e+01 7.108548170551391365e+01 -9.680641453059944013e+01
-4.346412650872449746e+01 6.843168803211608520e+01 -1.002785705134349428e+02
-5.255636156034146467e+01 5.316059516318235012e+01 -1.082058067746805392e+02
-7.091178710525481677e+01 4.571106122149130613e+01 -1.125395503859474644e+02
-7.375905230289470182e+01 2.634593299474572703e+01 -1.184768467742895837e+02
-8.602253396235862226e+01 1.596499968682677384e+01 -1.190218656945921651e+02
-8.641716768924892733e+01 -6.356777422600718097e+00 -1.173793499022181948e+02
-7.554069524739963981e+01 -1.792763473162911225e+01 -1.176862357682573332e+02
-7.465205125638264860e+01 -4.012552705757401839e+01 -1.123354694318559126e+02
-5.745750118630964920e+01 -4.918213480982744557e+01 -1.153533194360713026e+02
-4.869401947186261026e+01 -6.683001794137280172e+01 -1.119569583319857884e+02
-2.557866627557156747e+01 -6.776374042690308386e+01 -1.186982085901010180e+02
-1.305092178701839067e+01 -7.772710696087720805e+01 -1.168402611435782319e+02
1.110915910842457954e+01 -7.552720230160758774e+01 -1.190194565664167499e+02
2.270364440532736694e+01 -6.390932066377035170e+01 -1.229399420368217761e+02
4.376642039615381918e+01 -6.109865568264176972e+01 -1.177713891833811033e+02
5.198627307193794422e+01 -4.494285682067010868e+01 -1.188265873242185506e+02
6.835263900231960577e+01 -3.705555649187101608e+01 -1.119501942413394033e+02
7.034155962868730683e+01 -1.673460666152440979e+01 -1.113491630909581147e+02
8.124578337394201810e+01 -5.871569742191934616e+00 -1.057709657889187156e+02
5.816457493659885358e+01 1.647017533345881546e+01 -1.082682587896897246e+02
4.602849909410467433e+01 2.731421720371580264e+01 -1.064103576725548805e+02
4.184310218317853014e+01 4.689120972173506630e+01 -9.925659054378560597e+01
2.182208881067269957e+01 5.061669479809441441e+01 -1.000800027565140766e+02
1.090646803597271308e+01 6.179157482798083834e+01 -9.690755158457940865e+01
-1.144028061358085324e+01 6.037153275673004771e+01 -1.000470625616539166e+02
-2.219861311605818699e+01 4.845190781492046739e+01 -1.067057075209847596e+02
-4.215796207315065658e+01 4.389476389477060536e+01 -1.113922957511758938e+02
-4.717279401724383803e+01 2.573781344800212878e+01 -1.184270426822014173e+02
-6.041845870207454539e+01 1.563851648966830332e+01 -1.211778500940482104e+02
-6.180546791968918541e+01 -6.313274127279047576e+00 -1.220297548803899161e+02
-4.953591711039870660e+01 -1.732400913552044841e+01 -1.236656918996694401e+02
-4.607659436803614739e+01 -3.799497749212393671e+01 -1.223400227917522329e+02
-2.473023619332903067e+01 -4.185648565161898915e+01 -1.267070772329832380e+02
-1.299578981531148081e+01 -5.397736545485278015e+01 -1.264616241354175372e+02
1.112643997014447628e+01 -5.232285035098966119e+01 -1.285241621592997490e+02
2.224623435771198388e+01 -3.970360532115821428e+01 -1.292471785882560766e+02
4.204329146867899425e+01 -3.513427677196724375e+01 -1.247181566066155369e+02
4.600871644543337169e+01 -1.611782351922687440e+01 -1.209607969113197612e+02
5.794061867506003694e+01 -5.605453737583126816e+00 -1.144681964785414721e+02
3.391090867741810655e+01 1.610162505200633021e+01 -1.130719213833290269e+02
1.835099840376093994e+01 2.366962323878524543e+01 -1.122900666316266864e+02
1.044757544794168069e+01 3.860770046685406243e+01 -1.064519151335810108e+02
-1.122637782923564664e+01 3.786295555493090603e+01 -1.099381089209772000e+02
-1.923339329659830454e+01 2.292487832686208549e+01 -1.173080489741031442e+02
-3.522046052751403522e+01 1.535688014008317914e+01 -1.211103945051362274e+02
-3.619657440305424956e+01 -5.753151826492054255e+00 -1.254971389362625587e+02
-2.020950717213851888e+01 -1.344369124450186703e+01 -1.276856465660868594e+02
-1.220249170477585743e+01 -2.887605671302531363e+01 -1.302212539707247458e+02
1.065174906080919648e+01 -2.837769148642765416e+01 -1.306988173021153443e+02
1.855517201662846105e+01 -1.294532601790420934e+01 -1.266314213423972035e+02
3.411508229028562056e+01 -5.254786599894395671e+00 -1.214224229332421316e+02
7.435377629060954341e+00 1.282558136852825825e+01 -1.188738896293553040e+02
-8.475060794120970797e+00 1.282558136852826003e+01 -1.204056781844355726e+02
-8.475060794120969021e+00 -2.432956236260464422e+00 -1.263965313452929706e+02
7.435377629060955229e+00 -2.432956236260464866e+00 -1.248647427902127163e+02
