2.312516379551821100e-03
7.889897936329841668e-03
7.837595827784217192e-03
2.178756117894372225e-03
1.170195943284478048e-02
4.229768982499725791e-06
8.331751801198918062e-03
1.174589294177426010e-02
5.724879502758200081e-03
7.703944833181644233e-03
1.227234437429670921e-02
5.292984154417638108e-03
6.840318609707104862e-03
1.121354569130608540e-02
1.092325712648439459e-02
2.578987717967888473e-06
1.900870110944364449e-02
6.182005677370264012e-03
8.953627552950035179e-03
9.674616094860437679e-03
7.431987596687224945e-03
8.855648259111873269e-03
8.011346226600579365e-03
8.575808737997169320e-03
1.069387229580158298e-02
9.153634899560938662e-03
1.041675860993383773e-02
8.309867194966610859e-03
7.372721870946900152e-03
8.265344250612009433e-03
7.208990462835697041e-03
9.751232599121755981e-03
8.970297369399074169e-03
1.105437819166985546e-02
9.931725206090466496e-03
1.238490157749068399e-02
1.386177443232341870e-02
9.641925693074177017e-03
8.884035880679191227e-03
1.004378949339372953e-02
8.092972301211623712e-03
8.975807602390101919e-03
7.827276443447423945e-03
8.802690805591569315e-03
8.364050617613206715e-03
8.998513670718563673e-03
1.046404896228281776e-02
9.914592813113297029e-03
1.185156108845777066e-02
1.062304910848158382e-02
9.993144288546189358e-03
9.927703064690408807e-03
8.143432817104577504e-03
8.842551211610099812e-03
7.932554555015255623e-03
8.937113313129180572e-03
8.863251693021663435e-03
1.100834307251168445e-02
1.046884976352535808e-02
1.233681634005448849e-02
1.332247674566750840e-02
1.186726854119816640e-02
1.229505983150182627e-02
1.237021190486856624e-02
9.848830053390433825e-03
1.040341717512597089e-02
8.616204612448986194e-03
1.034225200535252888e-02
8.879507064362692284e-03
9.988490790318400175e-03
8.805859745040108683e-03
9.536036934013995825e-03
8.423338635035103328e-03
9.309412358046111405e-03
8.415337697009951656e-03
9.056079215146313824e-03
9.561196072081069516e-03
9.430311160843210527e-03
1.138939434284228468e-02
1.048501287112679412e-02
1.184348420779722695e-02
1.083243847625852026e-02
9.582317507429959080e-03
1.060152418212543905e-02
8.671247436762752683e-03
9.490893978277929396e-03
8.647342311646728091e-03
9.429066255641181671e-03
9.248346075066490521e-03
1.028351803129732081e-02
1.000801331733356010e-02
1.189544049896034024e-02
1.104966341295797287e-02
1.257647361513858884e-02
1.248752861865947555e-02
1.140251961586510529e-02
1.221752899894035238e-02
9.487509946042351969e-03
1.100879868681823269e-02
9.985655219191345161e-03
7.055363828605797083e-03
1.034620292462387799e-02
8.481670210290845682e-03
1.001510305321297138e-02
9.150903418603495779e-03
1.031763464592408940e-02
9.387840089266555679e-03
1.023207376378323409e-02
9.092399237915986532e-03
9.884795346961868998e-03
8.584848713423342062e-03
9.334302297892716621e-03
8.390221634293523745e-03
8.806569854068179229e-03
8.784901172086648224e-03
8.684021079016730760e-03
1.006672881493800471e-02
9.399498437002329343e-03
1.130785888992449743e-02
1.018665741570642588e-02
1.113046136834818824e-02
1.005329183290292264e-02
9.019241110247308568e-03
1.005693718571205875e-02
8.499342947028837303e-03
9.202481081669456123e-03
8.445790940008659348e-03
9.227726716881901395e-03
8.808708292991247746e-03
9.717325496264406920e-03
9.312192995344088786e-03
1.047492847088324699e-02
9.826558313812367579e-03
1.131630707303206244e-02
1.073295478305283206e-02
1.179720087603388506e-02
1.166068065339815815e-02
1.093307187331908972e-02
1.136675503085536609e-02
9.116480535140034439e-03
9.766165622518802394e-03
7.780351572984077306e-03
9.198781421802224717e-03
7.817892756953732231e-03
6.410496344973084723e-03
9.853655114104261856e-03
8.446420675755586527e-03
9.154169128337981062e-03
8.753140962498979355e-03
9.521187255117547280e-03
8.848257399692444070e-03
9.642696230255683523e-03
8.659753329569907024e-03
9.441204605353045384e-03
8.332567136310666672e-03
9.206223465948647211e-03
8.109524140769510531e-03
8.602772413930686451e-03
8.291329075196198287e-03
8.314015207188097528e-03
8.556646145208615314e-03
8.248381379041566305e-03
9.350218134799656231e-03
8.753436961708951913e-03
1.049097260521201710e-02
9.507641676098726319e-03
1.101315222411114805e-02
9.654911565765719392e-03
1.030921098183954984e-02
9.000448876283824451e-03
8.402631768007793461e-03
8.822435419944464619e-03
7.768696130761383774e-03
8.095305817906423701e-03
7.404779741655606075e-03
8.047421341967071762e-03
7.377589832634230162e-03
8.320609178258631458e-03
7.646527137940867247e-03
8.699950702819541845e-03
8.110568153119388987e-03
9.313057254890896169e-03
8.739217217666404511e-03
9.800013877162901121e-03
1.002548909876366072e-02
1.065661650840688673e-02
1.134510750550471112e-02
1.086977301241145825e-02
1.186304414359981227e-02
1.005000130465312329e-02
1.082015531622687252e-02
8.734796422956702180e-03
9.254397623905966097e-03
7.811989049899980934e-03
8.896941038137668595e-03
7.149410531344439074e-03
7.184980884731745863e-03
9.121654462795635021e-03
8.318675420701634321e-03
8.265775152914484405e-03
8.015561236570037038e-03
8.319872026811492988e-03
7.684915663416667583e-03
8.265628755326508495e-03
7.361246607084102715e-03
8.044261564556271990e-03
7.123302264712775764e-03
7.859921882256292944e-03
7.114458018561721324e-03
7.920688063952798300e-03
7.349124855116899446e-03
7.556269402557195050e-03
8.069871732186964866e-03
7.661497939286978677e-03
8.485266582160658211e-03
7.857603591098957438e-03
9.046117707735385274e-03
8.373449819151085327e-03
9.880796200274207658e-03
9.102061478685485180e-03
1.059738293436279441e-02
9.487856124354472273e-03
1.050411471964240312e-02
9.104576406901303959e-03
9.554970701269196662e-03
8.200094905428004927e-03
7.889973508680004147e-03
7.773449535463848592e-03
7.046601558775699749e-03
7.028372155611655250e-03
6.332582172719122653e-03
6.724020193256504373e-03
5.889826300113993468e-03
6.693619794252687535e-03
5.834133039504157785e-03
6.853521245115493446e-03
6.179818018124225328e-03
7.249484267283145753e-03
6.847472047385867212e-03
7.972785927727250518e-03
7.763966702173956749e-03
8.509696735200404649e-03
9.488781873950656587e-03
9.762037992249408824e-03
1.126213691991923699e-02
1.084056500235936263e-02
1.256455927856237227e-02
1.106451357755378062e-02
1.229817443317420163e-02
1.029151850166073676e-02
1.082430716366680756e-02
9.164853275596232182e-03
9.523463323764420896e-03
8.340323975590795830e-03
9.160136160561167806e-03
7.488132063759291024e-03
8.083568534979782005e-03
8.440440231687719799e-03
8.003769486727568827e-03
7.732978219316787548e-03
7.328197023349322312e-03
7.505494550756740268e-03
6.709043739485724862e-03
7.209520899987629204e-03
6.244284126352501497e-03
6.864909900824813817e-03
5.994546658639404203e-03
6.617797400670952929e-03
6.022022947712389607e-03
6.648398624934621221e-03
6.332192701097419212e-03
6.979617006119490791e-03
6.786107309312640161e-03
6.760144364008118835e-03
7.716422964723836965e-03
6.955444983304812437e-03
8.057813697165430028e-03
7.171988267353907043e-03
8.362902012419303616e-03
7.620076735595970353e-03
8.890589216860499133e-03
8.315120144071916353e-03
9.585597754205367818e-03
8.946889539809320044e-03
9.987194403934881656e-03
9.095208050705263364e-03
9.726330948227758511e-03
8.646600536639360499e-03
8.957246722950501852e-03
7.876861955130739015e-03
7.643102104725863974e-03
7.431711123432151352e-03
6.774138815642512593e-03
6.672808727586326816e-03
5.866323325653892418e-03
6.087082394640906495e-03
5.120436244468939795e-03
5.702961525696373900e-03
4.754594328560484383e-03
5.611337232254470092e-03
4.875440625192579112e-03
5.879224454338576045e-03
5.446757805107707053e-03
6.492351799666267603e-03
6.324444250197585118e-03
7.388857125592260960e-03
7.361435717764181798e-03
7.912452641635290412e-03
9.162215804468683972e-03
9.104551115927407220e-03
1.078943442062307509e-02
1.025948600717388297e-02
1.214533155896376643e-02
1.089334942716132723e-02
1.235491736789303199e-02
1.068469497177469522e-02
1.135719879157408123e-02
9.892814390047343157e-03
1.006635557722367590e-02
9.060443175894813961e-03
9.259328059236423755e-03
8.482266764821605812e-03
8.998131844267020368e-03
7.993432377508413386e-03
8.265044733506801342e-03
8.046428188364965553e-03
7.533448047940111830e-03
7.641831644837406533e-03
6.873931058347303343e-03
7.327539280600684282e-03
6.263510680573769127e-03
6.942982910172842796e-03
5.826673255072795446e-03
6.571416695431445132e-03
5.620136654720249772e-03
6.313251681725309643e-03
5.658334986337481415e-03
6.270879671852695909e-03
5.906850610487832977e-03
6.470176673219764883e-03
6.249652385307643068e-03
6.781938707770813687e-03
6.505066948002708772e-03
6.316914041338506265e-03
7.220470831247406511e-03
6.241143640504623509e-03
7.203380289254059619e-03
6.221334786188181636e-03
7.184689931472225052e-03
6.461403659624454995e-03
7.440155790908296700e-03
7.023101236742729930e-03
8.028454054782939442e-03
7.757096734833907915e-03
8.702942586665186886e-03
8.364572779733491989e-03
9.095741684351635326e-03
8.593018564479949772e-03
9.048370945416498584e-03
8.424640887199729214e-03
8.701891254010741053e-03
8.012043485977379809e-03
7.712311991434453971e-03
7.826275086288646959e-03
6.993680995478022445e-03
7.093067607079488884e-03
6.048792309823518287e-03
6.266328748503561911e-03
5.114968578529579396e-03
5.524308114341043054e-03
4.481470294920299538e-03
5.110536792304568900e-03
4.324705072459047311e-03
5.165255951745954290e-03
4.661559105555239911e-03
5.658621465974203631e-03
5.374914896779462055e-03
6.436574208026607687e-03
6.264484695836273868e-03
7.330015737930047418e-03
7.132164603947880287e-03
7.520384794039610722e-03
8.647803352219611897e-03
8.262583697289459239e-03
9.632719513975367132e-03
8.933974456898426120e-03
1.044700942811515459e-02
9.353717977236325823e-03
1.066428690744972846e-02
9.342841069331267456e-03
1.013472373320787635e-02
8.959889595878262059e-03
9.258529411385165234e-03
8.480010763389332282e-03
8.582793840837587077e-03
8.148712364521148305e-03
8.332331814002291032e-03
7.999671192576680162e-03
8.381646212507776542e-03
8.081350257964813738e-03
8.059700037498842076e-03
7.837050179353453883e-03
7.764271987212195344e-03
8.580845039754734366e-03
7.482971309213949304e-03
7.879924506023570224e-03
7.098247773382813756e-03
7.251381868683176926e-03
6.753450009116269623e-03
6.939915215412441850e-03
6.544779259009538344e-03
7.005003910367780390e-03
6.515428986583258857e-03
7.335200634565084560e-03
6.635750515571571702e-03
7.650972126997062847e-03
6.777161372888787852e-03
7.630899746456702888e-03
6.760316896251989879e-03
6.572201097359059788e-03
7.062285430373979253e-03
6.202208192041216116e-03
6.509864122670831581e-03
5.935085585102890283e-03
6.278465363750733094e-03
5.992489446615334274e-03
6.645566773522074838e-03
6.454479289072682403e-03
7.586442274245730824e-03
7.225811004536020384e-03
8.763668516350728299e-03
8.065939922002707957e-03
9.682933108237701259e-03
8.703438334212512673e-03
1.007313294835484804e-02
8.999373950290941171e-03
1.005644342061109454e-02
8.958752332368730142e-03
8.639506119485764954e-03
9.721670990693490749e-03
8.047940117464470397e-03
8.696264102593132331e-03
7.008389932473524896e-03
7.262433972502268381e-03
5.859285692951172672e-03
5.913884421134097541e-03
5.015675688127629352e-03
5.136025067295011369e-03
4.710915660141595449e-03
5.119201540914978046e-03
4.953711323956175652e-03
5.742268045637853764e-03
5.596395996388990948e-03
6.680514909509951971e-03
6.403594559142499094e-03
7.566203693101659043e-03
7.139114732090529047e-03
7.537206645865358011e-03
8.329885805761844814e-03
8.047257072958845930e-03
8.595616689304115890e-03
8.386556332433202365e-03
8.764569384340633804e-03
8.431052391414339819e-03
8.797828992880323690e-03
8.121152012311526336e-03
8.624806840079829104e-03
7.615079008135477827e-03
8.388498057578320025e-03
7.200289658036462467e-03
8.345624422255927544e-03
7.086311128569191403e-03
8.582909704527212288e-03
7.285123777704812995e-03
7.593254193801963862e-03
7.877390039756196338e-03
8.884970716282962477e-03
9.423411201180882310e-03
8.835417232537076324e-03
9.806756852511575029e-03
8.460070745124354669e-03
8.882842823829204676e-03
7.990384634966807981e-03
8.170453105360880874e-03
7.689031023052296868e-03
8.051170937164564556e-03
7.651616893418091217e-03
8.432086794428066828e-03
7.778869885148545493e-03
8.800797062101411647e-03
7.795151162650755007e-03
8.552745709484685030e-03
7.432312521643336979e-03
7.129305379341552805e-03
7.169467426580379207e-03
6.305283681738650843e-03
6.390529203893022085e-03
5.899077906758114741e-03
6.304024938975505074e-03
6.184521619367165310e-03
7.185479477216720826e-03
7.182391528595093687e-03
8.854360646516897665e-03
8.647631821437381031e-03
1.064768112597688950e-02
1.009031863762744133e-02
1.177221478048351075e-02
1.105212626571794136e-02
1.206817939241335708e-02
1.136316188539553650e-02
1.082760405868701294e-02
1.185022772014247827e-02
9.949487797813766354e-03
1.034138612345055289e-02
8.247451034913018050e-03
8.261205547400151880e-03
6.463354779985565866e-03
6.514343631930480730e-03
5.333763012910571095e-03
5.718304532366833351e-03
5.099231706020918020e-03
5.908296246522970821e-03
5.609407550473489990e-03
6.717524571087374330e-03
6.510677051059459916e-03
7.611939264096823261e-03
7.364266718111615699e-03
7.726030825158938624e-03
8.394403709668360469e-03
8.110457370214371048e-03
8.448551244464913915e-03
8.269298335442537909e-03
8.390487528803789244e-03
8.157072955347184628e-03
8.321668605765919144e-03
7.810563887958443287e-03
8.276053699628239252e-03
7.491842886954318444e-03
8.435135034771973350e-03
7.528327411733050020e-03
8.915433393275867119e-03
8.051140887875691404e-03
8.454780970322010522e-03
8.897349371605193374e-03
9.646189205809209410e-03
1.057281680143262390e-02
9.440870914120576621e-03
1.001502874623490941e-02
8.541473582773493473e-03
8.745164687796309205e-03
7.816502938512673304e-03
8.023045827443019834e-03
7.546027618914344544e-03
8.134592918260255545e-03
7.623484288124478953e-03
8.499860805199939418e-03
7.637107027755425312e-03
8.229616043691273183e-03
7.201351796042388190e-03
6.874939058325754866e-03
6.738130877124006400e-03
5.982254018571656583e-03
6.229876419503699650e-03
5.881181051013273549e-03
6.734716066490646288e-03
6.878304841741893216e-03
8.510327450893268725e-03
8.887117741304318211e-03
1.106546956216462700e-02
1.124294813412510599e-02
1.307835238118106730e-02
1.288338571933794752e-02
1.362329557092312703e-02
1.325861872265423139e-02
1.258964363325642405e-02
1.269703901807746858e-02
1.109589125468851863e-02
1.071607332203396677e-02
8.647702845661535756e-03
8.360305132941503459e-03
6.448549501211738380e-03
6.698829027966945494e-03
5.338760532071136836e-03
6.148796589143443007e-03
5.363031215744172402e-03
6.489934176627055150e-03
6.187708331069657029e-03
7.234017022687942375e-03
7.270035254391711901e-03
7.550563921613495308e-03
8.483849401585146985e-03
8.098299152929954933e-03
8.699030380183225136e-03
8.458748667220688730e-03
8.766924752516811609e-03
8.580529257664903237e-03
8.927670945588474238e-03
8.551466081164086491e-03
9.273009111001824512e-03
8.707255939795365343e-03
9.865005707754739839e-03
9.312998207754899505e-03
1.001467266195163984e-02
9.791935087338884264e-03
1.035187939834644223e-02
1.057179783931997373e-02
9.240972934664698143e-03
8.990278796200479663e-03
7.581923326709153615e-03
7.483166924070116729e-03
6.581239758175172830e-03
6.873227037177707076e-03
6.305855122574134837e-03
6.964142107673733199e-03
6.310683243973157740e-03
6.794783310671076090e-03
6.133757250341945189e-03
5.902026416888751272e-03
6.006329346076915744e-03
5.417532278406266867e-03
6.189137479436104469e-03
6.014120152583990117e-03
7.495452450854848785e-03
8.008505309524871843e-03
1.008581531612921800e-02
1.094268360354437933e-02
1.277310351071066739e-02
1.323498592335793471e-02
1.373248571596282983e-02
1.356975929485213818e-02
1.306127158556453019e-02
1.188234500296722618e-02
1.105950587339805599e-02
9.901639272911773315e-03
8.312639676533279190e-03
8.032467632454066281e-03
6.264900133323035233e-03
7.001900695047419063e-03
5.566690341789883728e-03
6.821910652003470785e-03
6.080358568269845360e-03
7.226711015048115777e-03
7.346308974763422067e-03
7.566666719704426801e-03
8.935457925192753087e-03
8.354685626256588837e-03
9.446330168125008017e-03
9.070110069488674515e-03
9.721916971720563974e-03
9.568150359428245072e-03
1.017079386465784968e-02
9.935486050518700651e-03
1.077978113969671296e-02
1.043234858195176383e-02
1.160857869094702663e-02
1.039857737273650919e-02
1.065849445219655030e-02
9.492400311409824806e-03
8.444387951020588048e-03
7.624662277830032350e-03
6.353303768896711307e-03
6.254921187362286368e-03
5.282832090631080224e-03
5.750900630693546629e-03
5.017857175164537956e-03
5.517852592785764225e-03
5.080764922376306177e-03
5.020543059831591645e-03
5.456711230631829980e-03
5.011441339764137123e-03
6.284276684430150674e-03
6.238007361879171868e-03
8.055594667794487365e-03
8.796768554322138486e-03
1.054633172472632142e-02
1.136259262206359630e-02
1.194403200369099222e-02
1.195830435027865450e-02
1.187446849003023081e-02
1.014936016549259669e-02
1.014459785331286827e-02
8.945103810378418271e-03
7.955366718831948999e-03
8.273457286581456169e-03
6.669178866618294052e-03
8.143368973242885375e-03
6.748784320502463838e-03
8.260545304241195819e-03
7.941114405115955524e-03
8.213691234654414350e-03
9.637147993911418867e-03
8.827050782284212582e-03
1.014192364131723950e-02
9.561226910862329065e-03
1.033138318024064140e-02
1.010467792759260630e-02
1.074285000993383150e-02
1.042726624338547424e-02
1.201563808621611273e-02
1.033928825583467319e-02
1.025317929178782422e-02
8.125483410184541899e-03
7.604375592419922170e-03
6.900324232659399773e-03
5.693506266991150630e-03
6.019472305308852522e-03
4.857588048471923881e-03
5.513775845150955569e-03
4.833494403194394350e-03
5.015662745812157416e-03
5.405051105729441821e-03
5.052900563686963352e-03
6.443926053123639162e-03
6.356275329115815102e-03
7.953230422531336677e-03
8.406413260860633174e-03
9.291210480002306399e-03
9.370659408317535966e-03
9.705341384168989297e-03
8.494486896264280551e-03
9.011737543653235843e-03
8.634425931635958743e-03
8.098636178733919361e-03
9.481073956186795992e-03
7.961811841760512917e-03
1.000067026990109596e-02
8.837730974237968315e-03
9.409694892224852725e-03
1.005225155136544625e-02
9.127417527565923755e-03
1.010971578733599677e-02
9.274646884704390581e-03
9.892286077059454438e-03
9.341182657809544640e-03
1.099952657744131604e-02
9.457006289346274810e-03
9.331536381862653995e-03
7.144077909714103940e-03
7.108146906823979705e-03
7.089628365445530336e-03
5.788684250134623621e-03
6.725061875945775175e-03
5.407321634362654075e-03
6.027826522123562285e-03
5.768308168048536660e-03
5.511104538576537711e-03
6.645453328464044976e-03
6.241055484479293182e-03
7.370697692805550615e-03
7.149437181004081321e-03
7.790977371760611156e-03
7.407730838222340887e-03
8.132994816513101216e-03
8.977082205434123649e-03
8.546970344092795144e-03
1.088718112985166339e-02
9.253869971114596360e-03
1.055228896282063393e-02
9.643358599929192573e-03
8.901102586169664169e-03
9.253849205470024430e-03
8.104494530864795113e-03
9.536797780111032699e-03
8.153348768891009388e-03
8.393649639476483473e-03
6.722421825292624296e-03
6.975448176575132532e-03
7.889473373834447051e-03
6.164724074280526073e-03
7.757929979947312746e-03
6.076256312734072511e-03
6.107393537397891835e-03
7.043348374900107976e-03
6.013311202282650182e-03
7.184818793523110002e-03
6.764841360092919628e-03
7.597658709675341251e-03
9.547048691974990148e-03
8.453135109480272580e-03
1.109671653969942703e-02
8.270528447325118868e-03
8.163087941422488003e-03
1.013183624976095841e-02
6.821071024031876914e-03
8.013137076474385889e-03
6.543944166961415503e-03
6.781988016474869291e-03
1.055323698838945244e-02
4.700369599715565651e-03
6.398163914657277115e-03
9.441626503868648032e-03
4.954456670436259771e-03
7.073222108809317128e-03
1.193865621054713763e-02
1.689957186810922898e-02
4.636551832300972106e-03
8.653644712402007444e-03
9.575779841857536348e-03
9.699498640548764178e-03
4.948077520904190819e-03
